1,2,3,4,5,6,7,8,9,10,11,12,Validity
0.5,0.5,0.0,0.0,0.0,0.0,0.0,0.0,0.0,0.0,0.0,0.0,True
0.5,0.5,0.0,0.0,0.0,0.0,0.0,0.0,0.0,0.0,0.0,0.0,True
0.5,0.333333,0.166667,0.0,0.0,0.0,0.0,0.0,0.0,0.0,0.0,0.0,True
0.5,0.25,0.25,0.0,0.0,0.0,0.0,0.0,0.0,0.0,0.0,0.0,True
0.5,0.3,0.2,0.0,0.0,0.0,0.0,0.0,0.0,0.0,0.0,0.0,True
0.5,0.5,0.0,0.0,0.0,0.0,0.0,0.0,0.0,0.0,0.0,0.0,True
0.5,0.25,0.25,0.0,0.0,0.0,0.0,0.0,0.0,0.0,0.0,0.0,True
0.5,0.333333,0.166667,0.0,0.0,0.0,0.0,0.0,0.0,0.0,0.0,0.0,True
0.5,0.25,0.25,0.0,0.0,0.0,0.0,0.0,0.0,0.0,0.0,0.0,True
0.5,0.5,0.0,0.0,0.0,0.0,0.0,0.0,0.0,0.0,0.0,0.0,True
0.5,0.5,0.0,0.0,0.0,0.0,0.0,0.0,0.0,0.0,0.0,0.0,True
0.5,0.333333,0.166667,0.0,0.0,0.0,0.0,0.0,0.0,0.0,0.0,0.0,True
0.5,0.5,0.0,0.0,0.0,0.0,0.0,0.0,0.0,0.0,0.0,0.0,True
0.5,0.25,0.25,0.0,0.0,0.0,0.0,0.0,0.0,0.0,0.0,0.0,True
0.5,0.5,0.0,0.0,0.0,0.0,0.0,0.0,0.0,0.0,0.0,0.0,True
0.5,0.5,0.0,0.0,0.0,0.0,0.0,0.0,0.0,0.0,0.0,0.0,True
0.5,0.5,0.0,0.0,0.0,0.0,0.0,0.0,0.0,0.0,0.0,0.0,True
0.5,0.5,0.0,0.0,0.0,0.0,0.0,0.0,0.0,0.0,0.0,0.0,True
0.333333,0.333333,0.166667,0.166667,0.0,0.0,0.0,0.0,0.0,0.0,0.0,0.0,True
0.5,0.5,0.0,0.0,0.0,0.0,0.0,0.0,0.0,0.0,0.0,0.0,True
0.5,0.25,0.25,0.0,0.0,0.0,0.0,0.0,0.0,0.0,0.0,0.0,True
0.5,0.333333,0.166667,0.0,0.0,0.0,0.0,0.0,0.0,0.0,0.0,0.0,True
0.375,0.375,0.25,0.0,0.0,0.0,0.0,0.0,0.0,0.0,0.0,0.0,True
0.333333,0.333333,0.222222,0.055556,0.055556,0.0,0.0,0.0,0.0,0.0,0.0,0.0,True
0.35,0.3,0.25,0.05,0.05,0.0,0.0,0.0,0.0,0.0,0.0,0.0,True
0.321429,0.214286,0.178571,0.107143,0.107143,0.071429,0.0,0.0,0.0,0.0,0.0,0.0,True
0.34375,0.1875,0.15625,0.125,0.09375,0.09375,0.0,0.0,0.0,0.0,0.0,0.0,True
0.5,0.5,0.0,0.0,0.0,0.0,0.0,0.0,0.0,0.0,0.0,0.0,True
0.5,0.25,0.25,0.0,0.0,0.0,0.0,0.0,0.0,0.0,0.0,0.0,True
0.4,0.2,0.2,0.1,0.1,0.0,0.0,0.0,0.0,0.0,0.0,0.0,True
0.333333,0.25,0.25,0.083333,0.083333,0.0,0.0,0.0,0.0,0.0,0.0,0.0,True
0.25,0.2,0.15,0.15,0.15,0.1,0.0,0.0,0.0,0.0,0.0,0.0,True
0.291667,0.166667,0.166667,0.125,0.125,0.125,0.0,0.0,0.0,0.0,0.0,0.0,True
0.5,0.5,0.0,0.0,0.0,0.0,0.0,0.0,0.0,0.0,0.0,0.0,True
0.333333,0.333333,0.166667,0.166667,0.0,0.0,0.0,0.0,0.0,0.0,0.0,0.0,True
0.375,0.25,0.125,0.125,0.125,0.0,0.0,0.0,0.0,0.0,0.0,0.0,True
0.1875,0.1875,0.1875,0.1875,0.125,0.125,0.0,0.0,0.0,0.0,0.0,0.0,True
0.25,0.2,0.15,0.15,0.15,0.1,0.0,0.0,0.0,0.0,0.0,0.0,True
0.5,0.5,0.0,0.0,0.0,0.0,0.0,0.0,0.0,0.0,0.0,0.0,True
0.25,0.25,0.25,0.25,0.0,0.0,0.0,0.0,0.0,0.0,0.0,0.0,True
0.25,0.25,0.25,0.166667,0.083333,0.0,0.0,0.0,0.0,0.0,0.0,0.0,True
0.3125,0.25,0.1875,0.1875,0.0625,0.0,0.0,0.0,0.0,0.0,0.0,0.0,True
0.5,0.5,0.0,0.0,0.0,0.0,0.0,0.0,0.0,0.0,0.0,0.0,True
0.3,0.2,0.2,0.2,0.1,0.0,0.0,0.0,0.0,0.0,0.0,0.0,True
0.357143,0.285714,0.142857,0.142857,0.071429,0.0,0.0,0.0,0.0,0.0,0.0,0.0,True
0.25,0.25,0.25,0.25,0.0,0.0,0.0,0.0,0.0,0.0,0.0,0.0,True
0.333333,0.333333,0.166667,0.166667,0.0,0.0,0.0,0.0,0.0,0.0,0.0,0.0,True
0.5,0.5,0.0,0.0,0.0,0.0,0.0,0.0,0.0,0.0,0.0,0.0,True
0.5,0.5,0.0,0.0,0.0,0.0,0.0,0.0,0.0,0.0,0.0,0.0,True
0.5,0.25,0.25,0.0,0.0,0.0,0.0,0.0,0.0,0.0,0.0,0.0,True
0.5,0.333333,0.166667,0.0,0.0,0.0,0.0,0.0,0.0,0.0,0.0,0.0,True
0.5,0.25,0.25,0.0,0.0,0.0,0.0,0.0,0.0,0.0,0.0,0.0,True
0.454545,0.272727,0.272727,0.0,0.0,0.0,0.0,0.0,0.0,0.0,0.0,0.0,True
0.428571,0.357143,0.214286,0.0,0.0,0.0,0.0,0.0,0.0,0.0,0.0,0.0,True
0.419355,0.387097,0.193548,0.0,0.0,0.0,0.0,0.0,0.0,0.0,0.0,0.0,True
0.411765,0.382353,0.176471,0.029412,0.0,0.0,0.0,0.0,0.0,0.0,0.0,0.0,True
0.405405,0.378378,0.189189,0.027027,0.0,0.0,0.0,0.0,0.0,0.0,0.0,0.0,True
0.5,0.5,0.0,0.0,0.0,0.0,0.0,0.0,0.0,0.0,0.0,0.0,True
0.5,0.25,0.25,0.0,0.0,0.0,0.0,0.0,0.0,0.0,0.0,0.0,True
0.428571,0.285714,0.285714,0.0,0.0,0.0,0.0,0.0,0.0,0.0,0.0,0.0,True
0.4,0.4,0.2,0.0,0.0,0.0,0.0,0.0,0.0,0.0,0.0,0.0,True
0.434783,0.391304,0.173913,0.0,0.0,0.0,0.0,0.0,0.0,0.0,0.0,0.0,True
0.423077,0.384615,0.153846,0.038462,0.0,0.0,0.0,0.0,0.0,0.0,0.0,0.0,True
0.413793,0.37931,0.172414,0.034483,0.0,0.0,0.0,0.0,0.0,0.0,0.0,0.0,True
0.5,0.5,0.0,0.0,0.0,0.0,0.0,0.0,0.0,0.0,0.0,0.0,True
0.4,0.4,0.2,0.0,0.0,0.0,0.0,0.0,0.0,0.0,0.0,0.0,True
0.375,0.375,0.25,0.0,0.0,0.0,0.0,0.0,0.0,0.0,0.0,0.0,True
0.421053,0.368421,0.210526,0.0,0.0,0.0,0.0,0.0,0.0,0.0,0.0,0.0,True
0.409091,0.363636,0.181818,0.045455,0.0,0.0,0.0,0.0,0.0,0.0,0.0,0.0,True
0.4,0.36,0.2,0.04,0.0,0.0,0.0,0.0,0.0,0.0,0.0,0.0,True
0.333333,0.333333,0.333333,0.0,0.0,0.0,0.0,0.0,0.0,0.0,0.0,0.0,True
0.5,0.333333,0.166667,0.0,0.0,0.0,0.0,0.0,0.0,0.0,0.0,0.0,True
0.533333,0.333333,0.133333,0.0,0.0,0.0,0.0,0.0,0.0,0.0,0.0,0.0,True
0.5,0.333333,0.111111,0.055556,0.0,0.0,0.0,0.0,0.0,0.0,0.0,0.0,True
0.47619,0.333333,0.142857,0.047619,0.0,0.0,0.0,0.0,0.0,0.0,0.0,0.0,True
0.666667,0.333333,0.0,0.0,0.0,0.0,0.0,0.0,0.0,0.0,0.0,0.0,True
0.666667,0.333333,0.0,0.0,0.0,0.0,0.0,0.0,0.0,0.0,0.0,0.0,True
0.583333,0.333333,0.083333,0.0,0.0,0.0,0.0,0.0,0.0,0.0,0.0,0.0,True
0.533333,0.333333,0.066667,0.066667,0.0,0.0,0.0,0.0,0.0,0.0,0.0,0.0,True
0.666667,0.333333,0.0,0.0,0.0,0.0,0.0,0.0,0.0,0.0,0.0,0.0,True
0.5,0.333333,0.166667,0.0,0.0,0.0,0.0,0.0,0.0,0.0,0.0,0.0,True
0.444444,0.333333,0.111111,0.111111,0.0,0.0,0.0,0.0,0.0,0.0,0.0,0.0,True
0.333333,0.333333,0.333333,0.0,0.0,0.0,0.0,0.0,0.0,0.0,0.0,0.0,True
0.333333,0.333333,0.166667,0.166667,0.0,0.0,0.0,0.0,0.0,0.0,0.0,0.0,True
0.333333,0.333333,0.333333,0.0,0.0,0.0,0.0,0.0,0.0,0.0,0.0,0.0,True
0.333333,0.333333,0.333333,0.0,0.0,0.0,0.0,0.0,0.0,0.0,0.0,0.0,True
0.333333,0.333333,0.333333,0.0,0.0,0.0,0.0,0.0,0.0,0.0,0.0,0.0,True
0.666667,0.333333,0.0,0.0,0.0,0.0,0.0,0.0,0.0,0.0,0.0,0.0,True
0.5,0.5,0.0,0.0,0.0,0.0,0.0,0.0,0.0,0.0,0.0,0.0,True
0.5,0.5,0.0,0.0,0.0,0.0,0.0,0.0,0.0,0.0,0.0,0.0,True
0.333333,0.333333,0.333333,0.0,0.0,0.0,0.0,0.0,0.0,0.0,0.0,0.0,True
0.5,0.333333,0.166667,0.0,0.0,0.0,0.0,0.0,0.0,0.0,0.0,0.0,True
0.3,0.3,0.2,0.1,0.1,0.0,0.0,0.0,0.0,0.0,0.0,0.0,True
0.666667,0.333333,0.0,0.0,0.0,0.0,0.0,0.0,0.0,0.0,0.0,0.0,True
0.285714,0.285714,0.285714,0.142857,0.0,0.0,0.0,0.0,0.0,0.0,0.0,0.0,True
0.5,0.25,0.25,0.0,0.0,0.0,0.0,0.0,0.0,0.0,0.0,0.0,True
0.666667,0.333333,0.0,0.0,0.0,0.0,0.0,0.0,0.0,0.0,0.0,0.0,True
0.4,0.4,0.2,0.0,0.0,0.0,0.0,0.0,0.0,0.0,0.0,0.0,True
0.4,0.4,0.2,0.0,0.0,0.0,0.0,0.0,0.0,0.0,0.0,0.0,True
0.4,0.4,0.2,0.0,0.0,0.0,0.0,0.0,0.0,0.0,0.0,0.0,True
0.4,0.4,0.2,0.0,0.0,0.0,0.0,0.0,0.0,0.0,0.0,0.0,True
0.333333,0.333333,0.333333,0.0,0.0,0.0,0.0,0.0,0.0,0.0,0.0,0.0,True
0.333333,0.333333,0.166667,0.166667,0.0,0.0,0.0,0.0,0.0,0.0,0.0,0.0,True
0.333333,0.333333,0.222222,0.111111,0.0,0.0,0.0,0.0,0.0,0.0,0.0,0.0,True
0.333333,0.333333,0.333333,0.0,0.0,0.0,0.0,0.0,0.0,0.0,0.0,0.0,True
0.333333,0.333333,0.166667,0.166667,0.0,0.0,0.0,0.0,0.0,0.0,0.0,0.0,True
0.333333,0.333333,0.333333,0.0,0.0,0.0,0.0,0.0,0.0,0.0,0.0,0.0,True
0.333333,0.333333,0.333333,0.0,0.0,0.0,0.0,0.0,0.0,0.0,0.0,0.0,True
0.333333,0.333333,0.333333,0.0,0.0,0.0,0.0,0.0,0.0,0.0,0.0,0.0,True
0.444444,0.222222,0.222222,0.111111,0.0,0.0,0.0,0.0,0.0,0.0,0.0,0.0,True
0.333333,0.333333,0.333333,0.0,0.0,0.0,0.0,0.0,0.0,0.0,0.0,0.0,True
0.5,0.166667,0.166667,0.166667,0.0,0.0,0.0,0.0,0.0,0.0,0.0,0.0,True
0.666667,0.333333,0.0,0.0,0.0,0.0,0.0,0.0,0.0,0.0,0.0,0.0,True
0.5,0.5,0.0,0.0,0.0,0.0,0.0,0.0,0.0,0.0,0.0,0.0,True
0.6,0.4,0.0,0.0,0.0,0.0,0.0,0.0,0.0,0.0,0.0,0.0,True
0.666667,0.333333,0.0,0.0,0.0,0.0,0.0,0.0,0.0,0.0,0.0,0.0,True
0.333333,0.333333,0.333333,0.0,0.0,0.0,0.0,0.0,0.0,0.0,0.0,0.0,True
0.5,0.333333,0.166667,0.0,0.0,0.0,0.0,0.0,0.0,0.0,0.0,0.0,True
0.3,0.3,0.2,0.1,0.1,0.0,0.0,0.0,0.0,0.0,0.0,0.0,True
0.666667,0.333333,0.0,0.0,0.0,0.0,0.0,0.0,0.0,0.0,0.0,0.0,True
0.285714,0.285714,0.285714,0.142857,0.0,0.0,0.0,0.0,0.0,0.0,0.0,0.0,True
0.5,0.25,0.25,0.0,0.0,0.0,0.0,0.0,0.0,0.0,0.0,0.0,True
0.666667,0.333333,0.0,0.0,0.0,0.0,0.0,0.0,0.0,0.0,0.0,0.0,True
0.4,0.4,0.2,0.0,0.0,0.0,0.0,0.0,0.0,0.0,0.0,0.0,True
0.363636,0.363636,0.272727,0.0,0.0,0.0,0.0,0.0,0.0,0.0,0.0,0.0,True
0.333333,0.333333,0.333333,0.0,0.0,0.0,0.0,0.0,0.0,0.0,0.0,0.0,True
0.333333,0.333333,0.333333,0.0,0.0,0.0,0.0,0.0,0.0,0.0,0.0,0.0,True
0.333333,0.333333,0.333333,0.0,0.0,0.0,0.0,0.0,0.0,0.0,0.0,0.0,True
0.5,0.25,0.25,0.0,0.0,0.0,0.0,0.0,0.0,0.0,0.0,0.0,True
0.5,0.25,0.25,0.0,0.0,0.0,0.0,0.0,0.0,0.0,0.0,0.0,True
0.5,0.25,0.25,0.0,0.0,0.0,0.0,0.0,0.0,0.0,0.0,0.0,True
0.333333,0.333333,0.333333,0.0,0.0,0.0,0.0,0.0,0.0,0.0,0.0,0.0,True
0.333333,0.333333,0.222222,0.111111,0.0,0.0,0.0,0.0,0.0,0.0,0.0,0.0,True
0.333333,0.333333,0.333333,0.0,0.0,0.0,0.0,0.0,0.0,0.0,0.0,0.0,True
0.5,0.25,0.25,0.0,0.0,0.0,0.0,0.0,0.0,0.0,0.0,0.0,True
0.5,0.25,0.25,0.0,0.0,0.0,0.0,0.0,0.0,0.0,0.0,0.0,True
1.0,0.0,0.0,0.0,0.0,0.0,0.0,0.0,0.0,0.0,0.0,0.0,True
1.0,0.0,0.0,0.0,0.0,0.0,0.0,0.0,0.0,0.0,0.0,0.0,True
1.0,0.0,0.0,0.0,0.0,0.0,0.0,0.0,0.0,0.0,0.0,0.0,True
1.0,0.0,0.0,0.0,0.0,0.0,0.0,0.0,0.0,0.0,0.0,0.0,True
1.0,0.0,0.0,0.0,0.0,0.0,0.0,0.0,0.0,0.0,0.0,0.0,True
1.0,0.0,0.0,0.0,0.0,0.0,0.0,0.0,0.0,0.0,0.0,0.0,True
0.333333,0.333333,0.333333,0.0,0.0,0.0,0.0,0.0,0.0,0.0,0.0,0.0,True
0.444444,0.333333,0.222222,0.0,0.0,0.0,0.0,0.0,0.0,0.0,0.0,0.0,True
0.666667,0.333333,0.0,0.0,0.0,0.0,0.0,0.0,0.0,0.0,0.0,0.0,True
0.5,0.25,0.25,0.0,0.0,0.0,0.0,0.0,0.0,0.0,0.0,0.0,True
0.375,0.25,0.25,0.125,0.0,0.0,0.0,0.0,0.0,0.0,0.0,0.0,True
0.333333,0.25,0.166667,0.166667,0.083333,0.0,0.0,0.0,0.0,0.0,0.0,0.0,True
0.25,0.25,0.25,0.25,0.0,0.0,0.0,0.0,0.0,0.0,0.0,0.0,True
0.25,0.25,0.25,0.125,0.125,0.0,0.0,0.0,0.0,0.0,0.0,0.0,True
0.5,0.25,0.25,0.0,0.0,0.0,0.0,0.0,0.0,0.0,0.0,0.0,True
0.333333,0.333333,0.333333,0.0,0.0,0.0,0.0,0.0,0.0,0.0,0.0,0.0,True
0.333333,0.333333,0.222222,0.111111,0.0,0.0,0.0,0.0,0.0,0.0,0.0,0.0,True
0.333333,0.333333,0.333333,0.0,0.0,0.0,0.0,0.0,0.0,0.0,0.0,0.0,True
0.5,0.25,0.25,0.0,0.0,0.0,0.0,0.0,0.0,0.0,0.0,0.0,True
0.416667,0.25,0.166667,0.083333,0.083333,0.0,0.0,0.0,0.0,0.0,0.0,0.0,True
0.4375,0.25,0.125,0.125,0.0625,0.0,0.0,0.0,0.0,0.0,0.0,0.0,True
0.25,0.25,0.25,0.25,0.0,0.0,0.0,0.0,0.0,0.0,0.0,0.0,True
0.375,0.25,0.25,0.125,0.0,0.0,0.0,0.0,0.0,0.0,0.0,0.0,True
0.5,0.25,0.25,0.0,0.0,0.0,0.0,0.0,0.0,0.0,0.0,0.0,True
0.5,0.25,0.25,0.0,0.0,0.0,0.0,0.0,0.0,0.0,0.0,0.0,True
0.5,0.25,0.25,0.0,0.0,0.0,0.0,0.0,0.0,0.0,0.0,0.0,True
0.5,0.25,0.25,0.0,0.0,0.0,0.0,0.0,0.0,0.0,0.0,0.0,True
0.5,0.25,0.25,0.0,0.0,0.0,0.0,0.0,0.0,0.0,0.0,0.0,True
1.0,0.0,0.0,0.0,0.0,0.0,0.0,0.0,0.0,0.0,0.0,0.0,True
1.0,0.0,0.0,0.0,0.0,0.0,0.0,0.0,0.0,0.0,0.0,0.0,True
1.0,0.0,0.0,0.0,0.0,0.0,0.0,0.0,0.0,0.0,0.0,0.0,True
1.0,0.0,0.0,0.0,0.0,0.0,0.0,0.0,0.0,0.0,0.0,0.0,True
0.246269,0.149254,0.141791,0.130597,0.115672,0.070896,0.033582,0.029851,0.029851,0.022388,0.022388,0.007463,True
0.22449,0.14898,0.142857,0.106122,0.087755,0.063265,0.055102,0.04898,0.04898,0.036735,0.020408,0.016327,True
0.223577,0.148374,0.142276,0.105691,0.091463,0.063008,0.054878,0.04878,0.04878,0.036585,0.020325,0.01626,True
0.258799,0.15528,0.120497,0.10352,0.10352,0.086128,0.068737,0.05176,0.05176,0.0,0.0,0.0,True
0.257978,0.159561,0.143605,0.139616,0.102406,0.075791,0.031912,0.031912,0.023934,0.022626,0.010659,0.0,True
0.179827,0.151348,0.135923,0.131501,0.078964,0.065803,0.059223,0.052643,0.052643,0.039482,0.026321,0.026321,True
0.209945,0.154696,0.146409,0.127072,0.085635,0.063536,0.063536,0.044199,0.044199,0.027624,0.016575,0.016575,True
0.205934,0.151832,0.136126,0.099476,0.09075,0.075044,0.064572,0.052356,0.04363,0.041885,0.020942,0.017452,True
0.283019,0.169811,0.113208,0.075472,0.075472,0.056604,0.056604,0.037736,0.037736,0.037736,0.037736,0.018868,True
0.485597,0.200274,0.143347,0.113855,0.056927,0.0,0.0,0.0,0.0,0.0,0.0,0.0,True
0.168831,0.160173,0.127706,0.106061,0.099567,0.088745,0.073593,0.051948,0.049784,0.034632,0.025974,0.012987,True
0.231023,0.151815,0.148515,0.128713,0.09571,0.075908,0.042904,0.039604,0.036304,0.023102,0.019802,0.006601,True
0.2,0.133333,0.114286,0.114286,0.114286,0.085714,0.07619,0.057143,0.047619,0.038095,0.019048,0.0,True
0.207317,0.146341,0.121951,0.121951,0.097561,0.097561,0.085366,0.073171,0.04878,0.0,0.0,0.0,True
0.200849,0.152758,0.134371,0.121641,0.104668,0.06082,0.059406,0.057992,0.039604,0.033946,0.016973,0.016973,True
0.184689,0.155439,0.139598,0.135056,0.081099,0.060824,0.054066,0.054066,0.040549,0.040549,0.027033,0.027033,True
0.268293,0.138211,0.134146,0.130081,0.093496,0.077236,0.036585,0.03252,0.03252,0.02439,0.02439,0.00813,True
0.215805,0.145897,0.129179,0.109422,0.095745,0.06535,0.06383,0.06383,0.041033,0.036474,0.018237,0.015198,True
0.223265,0.146223,0.14099,0.138361,0.098538,0.066036,0.045596,0.044024,0.037735,0.029873,0.018867,0.01049,True
0.382979,0.234043,0.191489,0.085106,0.06383,0.042553,0.0,0.0,0.0,0.0,0.0,0.0,True
0.311297,0.130518,0.121085,0.113199,0.094333,0.089616,0.037733,0.037733,0.023583,0.018867,0.018867,0.00317,True
0.187547,0.125031,0.125031,0.124906,0.109402,0.109402,0.093773,0.046887,0.031258,0.020755,0.015629,0.010378,True
0.197183,0.178404,0.14554,0.107981,0.075117,0.070423,0.056338,0.056338,0.037559,0.028169,0.028169,0.018779,True
0.242735,0.138462,0.133333,0.107692,0.102564,0.071795,0.052991,0.047863,0.041026,0.030769,0.017094,0.013675,True
0.5,0.25,0.25,0.0,0.0,0.0,0.0,0.0,0.0,0.0,0.0,0.0,True
0.243056,0.15625,0.145833,0.131944,0.107639,0.065972,0.041667,0.03125,0.027778,0.020833,0.020833,0.006944,True
0.377358,0.138365,0.125786,0.119497,0.113208,0.050314,0.037736,0.025157,0.012579,0.0,0.0,0.0,True
0.23741,0.158273,0.154676,0.151079,0.104317,0.068345,0.028777,0.028777,0.02518,0.021583,0.014388,0.007194,True
0.4,0.2,0.2,0.2,0.0,0.0,0.0,0.0,0.0,0.0,0.0,0.0,True
0.211624,0.147541,0.134128,0.128167,0.104322,0.062593,0.055142,0.053651,0.035768,0.035768,0.017884,0.013413,True
0.277778,0.152778,0.145833,0.111111,0.076389,0.069444,0.0625,0.041667,0.027778,0.020833,0.013889,0.0,True
0.282707,0.173974,0.15936,0.115866,0.09412,0.086987,0.086987,0.0,0.0,0.0,0.0,0.0,True
0.180124,0.149068,0.136646,0.124224,0.093168,0.07764,0.065217,0.049689,0.049689,0.037267,0.018634,0.018634,True
0.236842,0.157895,0.157895,0.131579,0.105263,0.105263,0.105263,0.0,0.0,0.0,0.0,0.0,True
0.372093,0.209302,0.162791,0.093023,0.046512,0.046512,0.046512,0.023256,0.0,0.0,0.0,0.0,True
0.233246,0.155459,0.149609,0.129568,0.081263,0.081263,0.056531,0.052998,0.042398,0.0106,0.007066,0.0,True
0.179764,0.174011,0.138367,0.098442,0.09697,0.081322,0.059921,0.051361,0.034241,0.034241,0.025681,0.025681,True
0.428571,0.357143,0.178571,0.035714,0.0,0.0,0.0,0.0,0.0,0.0,0.0,0.0,True
0.220096,0.148325,0.141148,0.114833,0.088517,0.059809,0.059809,0.047847,0.047847,0.033493,0.023923,0.014354,True
0.217949,0.185897,0.160256,0.121795,0.076923,0.064103,0.051282,0.032051,0.025641,0.025641,0.025641,0.012821,True
0.5,0.333333,0.166667,0.0,0.0,0.0,0.0,0.0,0.0,0.0,0.0,0.0,True
0.333333,0.25025,0.125125,0.125125,0.083083,0.083083,0.0,0.0,0.0,0.0,0.0,0.0,True
0.25974,0.162338,0.155844,0.116883,0.084416,0.051948,0.051948,0.045455,0.038961,0.019481,0.012987,0.0,True
0.226244,0.158371,0.122172,0.117647,0.085973,0.081448,0.058824,0.040724,0.036199,0.027149,0.027149,0.0181,True
0.235075,0.141791,0.13806,0.102612,0.097015,0.059701,0.057836,0.05597,0.044776,0.033582,0.018657,0.014925,True
0.203209,0.149733,0.141711,0.122995,0.093583,0.066845,0.061497,0.053476,0.042781,0.032086,0.016043,0.016043,True
0.175824,0.153846,0.137363,0.120879,0.087912,0.065934,0.065934,0.049451,0.043956,0.043956,0.032967,0.021978,True
0.206349,0.148148,0.140212,0.121693,0.095238,0.066138,0.063492,0.05291,0.042328,0.031746,0.015873,0.015873,True
0.24525,0.139896,0.134715,0.105354,0.103627,0.072539,0.050086,0.048359,0.041451,0.027634,0.017271,0.013817,True
0.253731,0.208955,0.141791,0.126866,0.104478,0.097015,0.029851,0.022388,0.014925,0.0,0.0,0.0,True
0.666667,0.333333,0.0,0.0,0.0,0.0,0.0,0.0,0.0,0.0,0.0,0.0,True
0.187683,0.164223,0.152493,0.134897,0.073314,0.073314,0.058651,0.046921,0.038123,0.035191,0.017595,0.017595,True
0.216413,0.13458,0.13458,0.11542,0.11542,0.091297,0.086565,0.05771,0.048015,0.0,0.0,0.0,True
0.405797,0.130435,0.115942,0.101449,0.086957,0.057971,0.043478,0.028986,0.028986,0.0,0.0,0.0,True
0.282609,0.173913,0.130435,0.130435,0.108696,0.086957,0.086957,0.0,0.0,0.0,0.0,0.0,True
0.245553,0.149323,0.148235,0.13605,0.078551,0.076321,0.053093,0.049774,0.039819,0.012185,0.011096,0.0,True
0.212121,0.154545,0.148485,0.127273,0.106061,0.060606,0.057576,0.036364,0.036364,0.024242,0.018182,0.018182,True
0.26,0.16,0.16,0.14,0.12,0.08,0.08,0.0,0.0,0.0,0.0,0.0,True
0.206897,0.160345,0.15,0.148276,0.1,0.065517,0.048276,0.043103,0.027586,0.025862,0.013793,0.010345,True
0.220736,0.143813,0.12709,0.12709,0.117057,0.063545,0.053512,0.040134,0.040134,0.026756,0.020067,0.020067,True
0.228571,0.16,0.142857,0.137143,0.097143,0.091429,0.051429,0.045714,0.017143,0.017143,0.011429,0.0,True
0.196676,0.15928,0.134349,0.124654,0.102493,0.059557,0.058172,0.058172,0.040166,0.033241,0.01662,0.01662,True
0.242314,0.139368,0.134809,0.112625,0.103533,0.07167,0.049487,0.04778,0.040955,0.029009,0.017064,0.011385,True
0.314721,0.152284,0.121827,0.096447,0.091371,0.050761,0.040609,0.040609,0.030457,0.030457,0.020305,0.010152,True
0.18018,0.148649,0.13964,0.126126,0.103604,0.063063,0.054054,0.054054,0.04955,0.027027,0.027027,0.027027,True
0.229167,0.152778,0.142361,0.138889,0.114583,0.065972,0.041667,0.03125,0.027778,0.027778,0.020833,0.006944,True
0.373229,0.137941,0.121684,0.117693,0.1156,0.048674,0.048674,0.024337,0.012168,0.0,0.0,0.0,True
0.214168,0.149918,0.131796,0.107084,0.085667,0.07084,0.06425,0.059308,0.041186,0.039539,0.019769,0.016474,True
0.342342,0.225225,0.162162,0.09009,0.072072,0.045045,0.027027,0.018018,0.018018,0.0,0.0,0.0,True
0.25,0.211538,0.153846,0.125,0.115385,0.096154,0.038462,0.009615,0.0,0.0,0.0,0.0,True
0.261888,0.150784,0.134912,0.117739,0.115072,0.075392,0.031744,0.031744,0.030443,0.023808,0.018539,0.007936,True
0.203704,0.185185,0.166667,0.148148,0.074074,0.074074,0.074074,0.074074,0.0,0.0,0.0,0.0,True
0.247798,0.139161,0.137399,0.105692,0.101591,0.073984,0.049323,0.048745,0.042277,0.025845,0.017615,0.010569,True
0.309278,0.149485,0.134021,0.108247,0.103093,0.097938,0.041237,0.041237,0.010309,0.005155,0.0,0.0,True
0.354643,0.141812,0.127631,0.125305,0.113449,0.056725,0.037892,0.028362,0.014181,0.0,0.0,0.0,True
0.247565,0.17819,0.138592,0.133642,0.113843,0.087471,0.039598,0.026451,0.014849,0.009899,0.009899,0.0,True
0.171373,0.164865,0.128699,0.100498,0.099787,0.084602,0.078094,0.049893,0.047724,0.034708,0.026743,0.013016,True
0.197714,0.187829,0.153229,0.110364,0.075764,0.0692,0.060936,0.046107,0.039543,0.029657,0.019771,0.009886,True
0.216495,0.206186,0.139175,0.134021,0.118557,0.097938,0.041237,0.020619,0.015464,0.010309,0.0,0.0,True
0.342857,0.190476,0.142857,0.114286,0.066667,0.057143,0.038095,0.028571,0.019048,0.0,0.0,0.0,True
0.257143,0.214286,0.164286,0.107143,0.107143,0.085714,0.028571,0.021429,0.014286,0.0,0.0,0.0,True
0.266667,0.175,0.166667,0.108333,0.083333,0.066667,0.033333,0.033333,0.025,0.025,0.016667,0.0,True
0.237488,0.146868,0.143743,0.128119,0.09272,0.071871,0.055222,0.037498,0.037498,0.023974,0.018749,0.00625,True
0.184524,0.154762,0.151786,0.136905,0.077381,0.074405,0.053571,0.047619,0.047619,0.035714,0.017857,0.017857,True
0.195652,0.160326,0.141304,0.125,0.095109,0.067935,0.0625,0.043478,0.043478,0.032609,0.016304,0.016304,True
0.170213,0.170213,0.148936,0.14539,0.088652,0.070922,0.067376,0.067376,0.028369,0.021277,0.014184,0.007092,True
0.179688,0.171875,0.125,0.09375,0.09375,0.078125,0.0625,0.0625,0.054688,0.046875,0.03125,0.0,True
0.199501,0.149626,0.142145,0.142145,0.089776,0.062344,0.057357,0.054863,0.0399,0.032419,0.014963,0.014963,True
0.216696,0.169423,0.15002,0.100013,0.083344,0.066676,0.066676,0.044406,0.036071,0.033338,0.033338,0.0,True
0.5,0.333333,0.166667,0.0,0.0,0.0,0.0,0.0,0.0,0.0,0.0,0.0,True
0.180758,0.157434,0.142857,0.131195,0.102041,0.069971,0.058309,0.058309,0.034985,0.029155,0.017493,0.017493,True
0.227425,0.14214,0.14214,0.140468,0.09699,0.070234,0.046823,0.045151,0.040134,0.025084,0.013378,0.010033,True
0.195876,0.167526,0.14433,0.134021,0.090206,0.064433,0.059278,0.041237,0.041237,0.030928,0.015464,0.015464,True
0.176471,0.168067,0.142857,0.134454,0.079832,0.079832,0.067227,0.067227,0.033613,0.02521,0.016807,0.008403,True
0.186859,0.145158,0.130498,0.111204,0.108887,0.081086,0.057919,0.053285,0.046335,0.037068,0.023167,0.018534,True
0.209302,0.209302,0.145349,0.139535,0.133721,0.087209,0.046512,0.017442,0.011628,0.0,0.0,0.0,True
0.4,0.4,0.2,0.0,0.0,0.0,0.0,0.0,0.0,0.0,0.0,0.0,True
0.275,0.141667,0.1375,0.120833,0.1,0.079167,0.033333,0.033333,0.029167,0.025,0.016667,0.008333,True
0.198953,0.146597,0.138743,0.120419,0.096859,0.065445,0.062827,0.060209,0.041885,0.036649,0.015707,0.015707,True
0.204334,0.145511,0.120743,0.120743,0.117647,0.065015,0.058824,0.055728,0.049536,0.024768,0.018576,0.018576,True
0.306452,0.185484,0.137097,0.129032,0.104839,0.080645,0.024194,0.016129,0.016129,0.0,0.0,0.0,True
0.177156,0.160839,0.137529,0.107226,0.100233,0.076923,0.065268,0.053613,0.041958,0.037296,0.027972,0.013986,True
0.230769,0.147773,0.1417,0.105263,0.091093,0.058704,0.058704,0.048583,0.048583,0.032389,0.020243,0.016194,True
0.225352,0.15493,0.144366,0.091549,0.088028,0.06338,0.059859,0.056338,0.049296,0.03169,0.021127,0.014085,True
0.228571,0.142857,0.135714,0.128571,0.085714,0.071429,0.057143,0.042857,0.035714,0.028571,0.028571,0.014286,True
0.262136,0.174757,0.131068,0.116505,0.11165,0.092233,0.038835,0.038835,0.014563,0.009709,0.009709,0.0,True
0.1875,0.178571,0.142857,0.133929,0.084821,0.066964,0.0625,0.053571,0.035714,0.026786,0.017857,0.008929,True
0.207407,0.155556,0.15,0.135185,0.107407,0.07037,0.046296,0.044444,0.02963,0.027778,0.014815,0.011111,True
0.306818,0.136364,0.130682,0.102273,0.073864,0.056818,0.045455,0.045455,0.034091,0.034091,0.022727,0.011364,True
0.289507,0.210493,0.158028,0.131479,0.079014,0.079014,0.052465,0.0,0.0,0.0,0.0,0.0,True
0.196141,0.147584,0.140803,0.128151,0.094156,0.070856,0.066988,0.058251,0.0466,0.027168,0.017475,0.005825,True
0.208124,0.140282,0.138019,0.108605,0.101817,0.070141,0.055045,0.054303,0.042211,0.040727,0.022626,0.018101,True
0.352,0.16,0.136,0.128,0.096,0.048,0.032,0.032,0.016,0.0,0.0,0.0,True
0.30303,0.159091,0.113636,0.106061,0.060606,0.045455,0.045455,0.045455,0.045455,0.030303,0.030303,0.015152,True
0.26087,0.13834,0.126482,0.126482,0.075099,0.063241,0.055336,0.047431,0.035573,0.031621,0.023715,0.01581,True
0.215805,0.139818,0.132219,0.130699,0.106383,0.06383,0.056231,0.051672,0.036474,0.036474,0.018237,0.012158,True
0.171429,0.171429,0.142857,0.114286,0.114286,0.114286,0.057143,0.057143,0.028571,0.028571,0.0,0.0,True
0.170834,0.154131,0.143779,0.124925,0.075015,0.075015,0.062513,0.056261,0.05001,0.037508,0.025005,0.025005,True
0.307763,0.192237,0.192237,0.115527,0.115527,0.07671,0.0,0.0,0.0,0.0,0.0,0.0,True
0.201031,0.14433,0.141753,0.118557,0.100515,0.069588,0.059278,0.051546,0.041237,0.036082,0.020619,0.015464,True
0.19917,0.174274,0.153527,0.141079,0.095436,0.078838,0.053942,0.049793,0.033195,0.012448,0.008299,0.0,True
0.248559,0.136582,0.133335,0.106789,0.097081,0.081548,0.052424,0.050482,0.046599,0.0233,0.01165,0.01165,True
0.197183,0.147887,0.112676,0.098592,0.098592,0.084507,0.077465,0.056338,0.042254,0.028169,0.028169,0.028169,True
0.214286,0.148214,0.146429,0.144643,0.103571,0.067857,0.05,0.044643,0.028571,0.026786,0.014286,0.010714,True
0.255814,0.147287,0.135659,0.120155,0.116279,0.073643,0.034884,0.031008,0.031008,0.023256,0.023256,0.007752,True
0.210526,0.157895,0.120301,0.090226,0.090226,0.075188,0.06015,0.06015,0.045113,0.030075,0.030075,0.030075,True
0.421053,0.210526,0.105263,0.105263,0.052632,0.052632,0.052632,0.0,0.0,0.0,0.0,0.0,True
0.363636,0.181818,0.181818,0.121212,0.090909,0.060606,0.0,0.0,0.0,0.0,0.0,0.0,True
0.231111,0.153333,0.151111,0.106667,0.077778,0.06,0.06,0.053333,0.053333,0.026667,0.013333,0.013333,True
0.25,0.25,0.25,0.25,0.0,0.0,0.0,0.0,0.0,0.0,0.0,0.0,True
0.192405,0.151899,0.144304,0.144304,0.091139,0.063291,0.058228,0.050633,0.040506,0.032911,0.01519,0.01519,True
0.235294,0.211765,0.158824,0.135294,0.117647,0.088235,0.023529,0.017647,0.011765,0.0,0.0,0.0,True
0.239437,0.133803,0.133803,0.116197,0.098592,0.066901,0.056338,0.042254,0.042254,0.035211,0.021127,0.014085,True
0.229918,0.168562,0.146894,0.128996,0.088112,0.088112,0.045971,0.04214,0.04214,0.011493,0.007662,0.0,True
0.223464,0.212291,0.162011,0.106145,0.078212,0.055866,0.044693,0.03352,0.027933,0.022346,0.022346,0.011173,True
0.242661,0.1409,0.138943,0.107632,0.097847,0.078278,0.054795,0.052838,0.039139,0.023483,0.011742,0.011742,True
0.190476,0.150376,0.132832,0.115288,0.097744,0.077694,0.065163,0.057644,0.042607,0.0401,0.015038,0.015038,True
0.186047,0.166113,0.149502,0.142857,0.083056,0.066445,0.066445,0.066445,0.033223,0.019934,0.013289,0.006645,True
0.197917,0.143229,0.135417,0.135417,0.096354,0.065104,0.059896,0.052083,0.041667,0.036458,0.020833,0.015625,True
0.344913,0.195478,0.137855,0.114971,0.068927,0.068927,0.034464,0.034464,0.0,0.0,0.0,0.0,True
0.285714,0.285714,0.142857,0.142857,0.142857,0.0,0.0,0.0,0.0,0.0,0.0,0.0,True
0.25,0.1875,0.15625,0.132812,0.109375,0.09375,0.03125,0.023438,0.015625,0.0,0.0,0.0,True
0.219788,0.149358,0.14515,0.115773,0.088088,0.06292,0.061229,0.050336,0.046954,0.030202,0.015101,0.015101,True
0.196891,0.145078,0.137306,0.119171,0.101036,0.069948,0.062176,0.059585,0.041451,0.036269,0.015544,0.015544,True
0.258503,0.136054,0.122449,0.108844,0.081633,0.061224,0.054422,0.054422,0.040816,0.040816,0.027211,0.013605,True
0.201425,0.147464,0.141183,0.12411,0.094431,0.067451,0.062055,0.053961,0.043169,0.032376,0.016188,0.016188,True
0.183544,0.158228,0.142405,0.139241,0.091772,0.072785,0.066456,0.063291,0.037975,0.025316,0.012658,0.006329,True
0.335229,0.138715,0.13104,0.104037,0.086697,0.046238,0.034679,0.034679,0.027003,0.027003,0.023119,0.01156,True
0.253763,0.224014,0.164158,0.089606,0.059498,0.044803,0.044803,0.044803,0.044803,0.029749,0.0,0.0,True
0.666667,0.333333,0.0,0.0,0.0,0.0,0.0,0.0,0.0,0.0,0.0,0.0,True
0.206897,0.197044,0.133005,0.133005,0.1133,0.093596,0.044335,0.039409,0.014778,0.014778,0.009852,0.0,True
0.333333,0.175,0.175,0.075,0.066667,0.05,0.033333,0.025,0.025,0.025,0.016667,0.0,True
0.251908,0.141221,0.129771,0.125954,0.072519,0.064885,0.061069,0.045802,0.038168,0.030534,0.022901,0.015267,True
0.253968,0.15873,0.150794,0.095238,0.095238,0.079365,0.063492,0.031746,0.031746,0.02381,0.015873,0.0,True
0.176707,0.168675,0.148594,0.128514,0.092369,0.060241,0.056225,0.048193,0.048193,0.024096,0.024096,0.024096,True
0.382353,0.117647,0.117647,0.117647,0.117647,0.088235,0.058824,0.0,0.0,0.0,0.0,0.0,True
0.242718,0.160194,0.140777,0.106796,0.067961,0.058252,0.058252,0.043689,0.043689,0.029126,0.029126,0.019417,True
0.232759,0.172414,0.155172,0.112069,0.086207,0.068966,0.051724,0.034483,0.034483,0.017241,0.017241,0.017241,True
0.2423,0.143596,0.142303,0.099997,0.09552,0.061537,0.055768,0.049998,0.046152,0.030768,0.01923,0.01283,True
0.206997,0.145773,0.132653,0.125364,0.104956,0.061224,0.058309,0.056851,0.037901,0.034985,0.017493,0.017493,True
0.246269,0.141791,0.130597,0.126866,0.123134,0.070896,0.044776,0.033582,0.029851,0.022388,0.022388,0.007463,True
0.358491,0.150943,0.150943,0.113208,0.113208,0.056604,0.028302,0.018868,0.009434,0.0,0.0,0.0,True
0.204545,0.136364,0.125,0.113636,0.102273,0.090909,0.068182,0.045455,0.045455,0.022727,0.022727,0.022727,True
0.200573,0.146132,0.140401,0.131805,0.100287,0.065903,0.057307,0.057307,0.037249,0.028653,0.017192,0.017192,True
0.365854,0.158537,0.097561,0.097561,0.085366,0.073171,0.04878,0.04878,0.02439,0.0,0.0,0.0,True
0.166667,0.15873,0.134921,0.134921,0.099206,0.083333,0.063492,0.063492,0.031746,0.031746,0.02381,0.007937,True
0.382979,0.234043,0.170213,0.085106,0.085106,0.042553,0.0,0.0,0.0,0.0,0.0,0.0,True
0.201058,0.142857,0.134921,0.121693,0.097884,0.066138,0.063492,0.060847,0.042328,0.037037,0.015873,0.015873,True
0.185792,0.174863,0.147541,0.125683,0.071038,0.065574,0.065574,0.054645,0.043716,0.032787,0.021858,0.010929,True
0.244898,0.158163,0.147959,0.091837,0.071429,0.061224,0.061224,0.045918,0.035714,0.030612,0.030612,0.020408,True
0.249135,0.138408,0.131488,0.110727,0.086505,0.079585,0.055363,0.048443,0.034602,0.031142,0.020761,0.013841,True
0.16,0.16,0.153333,0.106667,0.08,0.08,0.06,0.053333,0.04,0.04,0.04,0.026667,True
0.203117,0.145827,0.139765,0.119787,0.0981,0.07031,0.059893,0.052081,0.041665,0.036457,0.017374,0.015624,True
0.184797,0.169916,0.138616,0.102844,0.089429,0.081953,0.062601,0.050653,0.035772,0.035772,0.026829,0.020819,True
0.195122,0.134146,0.109756,0.097561,0.097561,0.097561,0.085366,0.060976,0.04878,0.02439,0.02439,0.02439,True
0.202454,0.171779,0.141104,0.134969,0.107362,0.058282,0.04908,0.03681,0.03681,0.02454,0.018405,0.018405,True
0.23127,0.138436,0.128664,0.120521,0.107492,0.068404,0.053746,0.052117,0.039088,0.030945,0.016287,0.013029,True
0.218341,0.187773,0.161572,0.139738,0.100437,0.087336,0.052402,0.021834,0.0131,0.008734,0.008734,0.0,True
0.343586,0.14066,0.14066,0.093773,0.062641,0.062641,0.062266,0.046887,0.031133,0.015754,0.0,0.0,True
0.310823,0.150345,0.131739,0.108148,0.106405,0.096271,0.040535,0.040535,0.010134,0.005067,0.0,0.0,True
0.207317,0.146341,0.121951,0.109756,0.097561,0.097561,0.073171,0.073171,0.04878,0.02439,0.0,0.0,True
0.322581,0.193548,0.129032,0.064516,0.064516,0.064516,0.064516,0.064516,0.032258,0.0,0.0,0.0,True
0.255936,0.150383,0.146426,0.134553,0.101596,0.075192,0.047489,0.03166,0.023745,0.022447,0.010574,0.0,True
0.5,0.25,0.25,0.0,0.0,0.0,0.0,0.0,0.0,0.0,0.0,0.0,True
0.253731,0.19403,0.141791,0.134328,0.11194,0.097015,0.029851,0.022388,0.014925,0.0,0.0,0.0,True
0.220624,0.143885,0.134293,0.110312,0.107914,0.074341,0.059952,0.052758,0.038369,0.028777,0.014388,0.014388,True
0.23946,0.136594,0.131535,0.109612,0.10118,0.070826,0.055649,0.053963,0.040472,0.030354,0.016863,0.013491,True
0.434873,0.260507,0.130254,0.058354,0.043418,0.043418,0.029177,0.0,0.0,0.0,0.0,0.0,True
0.174312,0.169725,0.130734,0.105505,0.094037,0.084862,0.068807,0.052752,0.045872,0.036697,0.022936,0.013761,True
0.230769,0.153846,0.139423,0.100962,0.086538,0.076923,0.057692,0.043269,0.033654,0.028846,0.028846,0.019231,True
0.186869,0.159091,0.128788,0.116162,0.098485,0.078283,0.070707,0.058081,0.042929,0.030303,0.015152,0.015152,True
0.237783,0.209908,0.15382,0.104954,0.083963,0.055751,0.041982,0.041982,0.041982,0.027876,0.0,0.0,True
0.363636,0.212121,0.121212,0.121212,0.060606,0.060606,0.030303,0.030303,0.0,0.0,0.0,0.0,True
0.666667,0.190476,0.047619,0.047619,0.047619,0.0,0.0,0.0,0.0,0.0,0.0,0.0,True
0.211111,0.155556,0.127778,0.122222,0.077778,0.066667,0.066667,0.05,0.044444,0.033333,0.022222,0.022222,True
0.207018,0.149123,0.136842,0.1,0.091228,0.075439,0.063158,0.052632,0.04386,0.042105,0.021053,0.017544,True
0.232558,0.22093,0.133721,0.127907,0.122093,0.087209,0.046512,0.017442,0.011628,0.0,0.0,0.0,True
0.229299,0.140127,0.130573,0.105096,0.079618,0.076433,0.073248,0.050955,0.050955,0.031847,0.019108,0.012739,True
0.199084,0.152594,0.127162,0.114446,0.101729,0.093184,0.076297,0.059207,0.050865,0.025432,0.0,0.0,True
0.285714,0.228571,0.171429,0.142857,0.114286,0.028571,0.028571,0.0,0.0,0.0,0.0,0.0,True
0.223301,0.140777,0.13835,0.116505,0.084951,0.065534,0.065534,0.058252,0.048544,0.029126,0.014563,0.014563,True
0.166113,0.159468,0.142857,0.13289,0.083056,0.079734,0.056478,0.053156,0.046512,0.039867,0.019934,0.019934,True
0.259843,0.15748,0.133858,0.122047,0.114173,0.074803,0.031496,0.031496,0.027559,0.023622,0.015748,0.007874,True
0.5,0.333333,0.166667,0.0,0.0,0.0,0.0,0.0,0.0,0.0,0.0,0.0,True
0.343243,0.146788,0.109479,0.104465,0.067156,0.059694,0.044771,0.029847,0.029847,0.029847,0.029847,0.005014,True
0.203704,0.138889,0.111111,0.111111,0.111111,0.083333,0.074074,0.055556,0.055556,0.037037,0.018519,0.0,True
0.201923,0.173077,0.120192,0.105769,0.096154,0.086538,0.067308,0.038462,0.033654,0.028846,0.028846,0.019231,True
0.279037,0.159888,0.139519,0.126439,0.103209,0.082839,0.03488,0.03488,0.01601,0.01458,0.00872,0.0,True
0.367057,0.137646,0.126176,0.118559,0.10897,0.045882,0.045882,0.026795,0.011471,0.007708,0.003854,0.0,True
0.277778,0.222222,0.166667,0.111111,0.111111,0.055556,0.055556,0.0,0.0,0.0,0.0,0.0,True
0.367647,0.183824,0.135449,0.077399,0.05805,0.054876,0.045201,0.0387,0.01935,0.013003,0.006502,0.0,True
0.203209,0.149733,0.141711,0.122995,0.093583,0.066845,0.061497,0.053476,0.042781,0.032086,0.016043,0.016043,True
0.186603,0.145933,0.131579,0.110048,0.107656,0.083732,0.062201,0.055024,0.045455,0.038278,0.019139,0.014354,True
0.237488,0.146868,0.143743,0.128119,0.09272,0.071871,0.055222,0.037498,0.037498,0.023974,0.018749,0.00625,True
0.198587,0.141811,0.122361,0.106401,0.106316,0.074481,0.063841,0.058521,0.04256,0.03192,0.03192,0.02128,True
0.346154,0.182692,0.144231,0.115385,0.086538,0.057692,0.028846,0.019231,0.019231,0.0,0.0,0.0,True
0.210526,0.165414,0.120301,0.090226,0.090226,0.067669,0.06015,0.06015,0.045113,0.030075,0.030075,0.030075,True
0.242424,0.151515,0.145455,0.145455,0.084848,0.078788,0.054545,0.048485,0.018182,0.018182,0.012121,0.0,True
0.194656,0.160305,0.158397,0.137405,0.101145,0.068702,0.04771,0.045802,0.030534,0.028626,0.015267,0.01145,True
0.234615,0.142308,0.134615,0.105769,0.1,0.061538,0.059615,0.046154,0.046154,0.034615,0.019231,0.015385,True
0.195531,0.145251,0.136872,0.128492,0.103352,0.064246,0.064246,0.055866,0.039106,0.03352,0.01676,0.01676,True
0.3125,0.25,0.1875,0.125,0.125,0.0,0.0,0.0,0.0,0.0,0.0,0.0,True
0.282032,0.145289,0.131068,0.118248,0.098284,0.081191,0.034186,0.034186,0.029912,0.025639,0.017093,0.002872,True
0.320363,0.129466,0.124612,0.106788,0.092226,0.082518,0.038832,0.038832,0.02427,0.019416,0.019416,0.003262,True
0.187097,0.16129,0.145161,0.141935,0.087097,0.067742,0.067742,0.064516,0.03871,0.019355,0.012903,0.006452,True
0.194332,0.161943,0.151822,0.137652,0.097166,0.066802,0.050607,0.048583,0.032389,0.030364,0.016194,0.012146,True
0.257812,0.128906,0.125,0.109375,0.109375,0.074219,0.054688,0.046875,0.039062,0.03125,0.015625,0.007812,True
0.185255,0.160681,0.124764,0.096408,0.094518,0.081285,0.068053,0.05104,0.049149,0.045369,0.024575,0.018904,True
0.205882,0.144118,0.126471,0.123529,0.114706,0.070588,0.055882,0.052941,0.047059,0.023529,0.017647,0.017647,True
0.253333,0.193333,0.16,0.14,0.113333,0.08,0.026667,0.02,0.013333,0.0,0.0,0.0,True
0.3,0.18,0.12,0.08,0.06,0.04,0.04,0.04,0.04,0.04,0.04,0.02,True
0.217125,0.148318,0.142202,0.137615,0.100917,0.06422,0.047401,0.042813,0.036697,0.03211,0.018349,0.012232,True
0.244821,0.137362,0.134479,0.108618,0.104604,0.072412,0.049999,0.048275,0.041378,0.02931,0.017241,0.011503,True
0.19337,0.151934,0.135359,0.124309,0.107735,0.069061,0.060773,0.058011,0.044199,0.022099,0.016575,0.016575,True
0.183445,0.1566,0.129754,0.107383,0.105145,0.0783,0.06264,0.051454,0.04698,0.035794,0.022371,0.020134,True
0.169271,0.162589,0.129911,0.103184,0.102454,0.086863,0.073499,0.051227,0.046772,0.035636,0.02523,0.013364,True
0.210059,0.149408,0.140533,0.133136,0.10355,0.06213,0.054734,0.047337,0.035503,0.034024,0.017751,0.011834,True
0.25,0.166667,0.147727,0.136364,0.102273,0.07197,0.030303,0.030303,0.026515,0.022727,0.015152,0.0,True
0.23913,0.141304,0.137681,0.123188,0.119565,0.068841,0.057971,0.032609,0.028986,0.021739,0.021739,0.007246,True
0.261538,0.2,0.138462,0.130769,0.1,0.1,0.030769,0.023077,0.015385,0.0,0.0,0.0,True
0.171018,0.157911,0.138172,0.131593,0.098695,0.075666,0.060296,0.052637,0.039478,0.035056,0.019739,0.019739,True
0.35301,0.196143,0.127469,0.117592,0.058796,0.058796,0.058796,0.029398,0.0,0.0,0.0,0.0,True
0.204852,0.145553,0.137466,0.123989,0.09434,0.067385,0.061995,0.053908,0.043127,0.03504,0.016173,0.016173,True
0.235294,0.196078,0.156863,0.098039,0.078431,0.078431,0.039216,0.039216,0.039216,0.039216,0.0,0.0,True
0.25974,0.136364,0.123377,0.11039,0.077922,0.064935,0.058442,0.051948,0.038961,0.038961,0.025974,0.012987,True
0.191781,0.153425,0.134247,0.123288,0.106849,0.071233,0.060274,0.057534,0.046575,0.021918,0.016438,0.016438,True
0.21875,0.14375,0.140625,0.121875,0.103125,0.071875,0.059375,0.05,0.0375,0.028125,0.01875,0.00625,True
0.285714,0.285714,0.171429,0.114286,0.057143,0.028571,0.028571,0.028571,0.0,0.0,0.0,0.0,True
0.233333,0.233333,0.158333,0.108333,0.108333,0.083333,0.033333,0.025,0.016667,0.0,0.0,0.0,True
0.177829,0.17552,0.133949,0.106236,0.090069,0.073903,0.071594,0.053118,0.04157,0.036952,0.025404,0.013857,True
0.203571,0.155357,0.153571,0.141071,0.103571,0.067857,0.05,0.044643,0.028571,0.026786,0.014286,0.010714,True
0.4,0.2,0.2,0.2,0.0,0.0,0.0,0.0,0.0,0.0,0.0,0.0,True
0.188889,0.155556,0.133333,0.122222,0.111111,0.088889,0.066667,0.066667,0.044444,0.022222,0.0,0.0,True
0.394366,0.225352,0.15493,0.084507,0.084507,0.028169,0.028169,0.0,0.0,0.0,0.0,0.0,True
0.188235,0.135294,0.129412,0.117647,0.082353,0.070588,0.070588,0.064706,0.047059,0.035294,0.035294,0.023529,True
0.352941,0.235294,0.176471,0.117647,0.058824,0.058824,0.0,0.0,0.0,0.0,0.0,0.0,True
0.387097,0.225806,0.145161,0.096774,0.080645,0.032258,0.032258,0.0,0.0,0.0,0.0,0.0,True
0.264831,0.235405,0.215631,0.15678,0.127354,0.0,0.0,0.0,0.0,0.0,0.0,0.0,True
0.209749,0.14771,0.134417,0.127031,0.103397,0.062038,0.054653,0.053176,0.036928,0.035451,0.017725,0.017725,True
0.272727,0.151515,0.121212,0.090909,0.090909,0.060606,0.060606,0.060606,0.030303,0.030303,0.030303,0.0,True
0.224719,0.202247,0.174157,0.134831,0.129213,0.08427,0.022472,0.016854,0.011236,0.0,0.0,0.0,True
0.201729,0.146974,0.14121,0.129683,0.106628,0.069164,0.063401,0.043228,0.040346,0.023055,0.017291,0.017291,True
0.311828,0.182796,0.182796,0.096774,0.043011,0.043011,0.043011,0.032258,0.021505,0.021505,0.021505,0.0,True
0.296263,0.22242,0.22242,0.11121,0.073843,0.073843,0.0,0.0,0.0,0.0,0.0,0.0,True
0.3125,0.166667,0.125,0.125,0.083333,0.083333,0.0625,0.041667,0.0,0.0,0.0,0.0,True
0.202128,0.156915,0.138298,0.132979,0.093085,0.066489,0.06117,0.042553,0.042553,0.031915,0.015957,0.015957,True
0.187654,0.158025,0.130864,0.11358,0.096296,0.076543,0.069136,0.05679,0.041975,0.039506,0.014815,0.014815,True
0.198795,0.14759,0.129518,0.11747,0.114458,0.072289,0.057229,0.054217,0.048193,0.024096,0.018072,0.018072,True
0.275862,0.155172,0.146552,0.142241,0.099138,0.081897,0.034483,0.034483,0.012931,0.008621,0.008621,0.0,True
0.21913,0.152774,0.144552,0.138885,0.096714,0.064813,0.044752,0.043209,0.037036,0.02932,0.018518,0.010296,True
0.228571,0.157143,0.15,0.085714,0.085714,0.071429,0.057143,0.057143,0.042857,0.035714,0.028571,0.0,True
0.172662,0.172662,0.151079,0.147482,0.089928,0.068345,0.068345,0.057554,0.028777,0.021583,0.014388,0.007194,True
0.163934,0.153005,0.142077,0.131148,0.076503,0.065574,0.065574,0.060109,0.04918,0.038251,0.032787,0.021858,True
0.187097,0.16129,0.145161,0.141935,0.087097,0.067742,0.067742,0.064516,0.03871,0.019355,0.012903,0.006452,True
0.263158,0.263158,0.210526,0.157895,0.105263,0.0,0.0,0.0,0.0,0.0,0.0,0.0,True
0.314345,0.171585,0.142759,0.142759,0.085793,0.085793,0.056966,0.0,0.0,0.0,0.0,0.0,True
0.352941,0.154412,0.132353,0.088235,0.066176,0.058824,0.044118,0.044118,0.029412,0.014706,0.014706,0.0,True
0.230769,0.230769,0.192308,0.192308,0.153846,0.0,0.0,0.0,0.0,0.0,0.0,0.0,True
0.165017,0.158416,0.158416,0.151815,0.082508,0.066007,0.052805,0.052805,0.039604,0.033003,0.019802,0.019802,True
0.333235,0.123519,0.111078,0.086493,0.074052,0.074052,0.074052,0.037026,0.037026,0.037026,0.012441,0.0,True
0.307692,0.161538,0.107692,0.1,0.061538,0.046154,0.046154,0.046154,0.046154,0.030769,0.030769,0.015385,True
0.290323,0.193548,0.16129,0.129032,0.129032,0.096774,0.0,0.0,0.0,0.0,0.0,0.0,True
0.18557,0.146457,0.129597,0.110436,0.108135,0.080526,0.05982,0.052917,0.048316,0.036812,0.023008,0.018406,True
0.1875,0.15,0.125,0.1125,0.1,0.1,0.075,0.05,0.05,0.025,0.025,0.0,True
0.293103,0.172414,0.12069,0.068966,0.068966,0.051724,0.051724,0.051724,0.034483,0.034483,0.034483,0.017241,True
0.307692,0.307692,0.307692,0.076923,0.0,0.0,0.0,0.0,0.0,0.0,0.0,0.0,True
0.196581,0.153846,0.136752,0.119658,0.102564,0.076923,0.068376,0.051282,0.042735,0.034188,0.017094,0.0,True
0.246575,0.15411,0.150685,0.140411,0.078767,0.078767,0.05137,0.041096,0.041096,0.010274,0.006849,0.0,True
