1,2,3,4,5,6,7,8,9,10,11,12,Validity
0.5,0.5,0.0,0.0,0.0,0.0,0.0,0.0,0.0,0.0,0.0,0.0,True
1.0,0.0,0.0,0.0,0.0,0.0,0.0,0.0,0.0,0.0,0.0,0.0,True
1.0,0.0,0.0,0.0,0.0,0.0,0.0,0.0,0.0,0.0,0.0,0.0,True
1.0,0.0,0.0,0.0,0.0,0.0,0.0,0.0,0.0,0.0,0.0,0.0,True
0.5,0.5,0.0,0.0,0.0,0.0,0.0,0.0,0.0,0.0,0.0,0.0,True
0.428571,0.285714,0.285714,0.0,0.0,0.0,0.0,0.0,0.0,0.0,0.0,0.0,True
0.375,0.25,0.25,0.125,0.0,0.0,0.0,0.0,0.0,0.0,0.0,0.0,True
0.444444,0.222222,0.222222,0.111111,0.0,0.0,0.0,0.0,0.0,0.0,0.0,0.0,True
0.4,0.2,0.2,0.2,0.0,0.0,0.0,0.0,0.0,0.0,0.0,0.0,True
1.0,0.0,0.0,0.0,0.0,0.0,0.0,0.0,0.0,0.0,0.0,0.0,True
0.6,0.4,0.0,0.0,0.0,0.0,0.0,0.0,0.0,0.0,0.0,0.0,True
0.5,0.333333,0.166667,0.0,0.0,0.0,0.0,0.0,0.0,0.0,0.0,0.0,True
0.571429,0.285714,0.142857,0.0,0.0,0.0,0.0,0.0,0.0,0.0,0.0,0.0,True
0.5,0.25,0.25,0.0,0.0,0.0,0.0,0.0,0.0,0.0,0.0,0.0,True
1.0,0.0,0.0,0.0,0.0,0.0,0.0,0.0,0.0,0.0,0.0,0.0,True
0.75,0.25,0.0,0.0,0.0,0.0,0.0,0.0,0.0,0.0,0.0,0.0,True
0.8,0.2,0.0,0.0,0.0,0.0,0.0,0.0,0.0,0.0,0.0,0.0,True
0.666667,0.333333,0.0,0.0,0.0,0.0,0.0,0.0,0.0,0.0,0.0,0.0,True
1.0,0.0,0.0,0.0,0.0,0.0,0.0,0.0,0.0,0.0,0.0,0.0,True
0.5,0.5,0.0,0.0,0.0,0.0,0.0,0.0,0.0,0.0,0.0,0.0,True
0.666667,0.333333,0.0,0.0,0.0,0.0,0.0,0.0,0.0,0.0,0.0,0.0,True
1.0,0.0,0.0,0.0,0.0,0.0,0.0,0.0,0.0,0.0,0.0,0.0,True
0.5,0.5,0.0,0.0,0.0,0.0,0.0,0.0,0.0,0.0,0.0,0.0,True
1.0,0.0,0.0,0.0,0.0,0.0,0.0,0.0,0.0,0.0,0.0,0.0,True
1.0,0.0,0.0,0.0,0.0,0.0,0.0,0.0,0.0,0.0,0.0,0.0,True
1.0,0.0,0.0,0.0,0.0,0.0,0.0,0.0,0.0,0.0,0.0,0.0,True
0.75,0.25,0.0,0.0,0.0,0.0,0.0,0.0,0.0,0.0,0.0,0.0,True
0.8,0.2,0.0,0.0,0.0,0.0,0.0,0.0,0.0,0.0,0.0,0.0,True
1.0,0.0,0.0,0.0,0.0,0.0,0.0,0.0,0.0,0.0,0.0,0.0,True
0.5,0.5,0.0,0.0,0.0,0.0,0.0,0.0,0.0,0.0,0.0,0.0,True
1.0,0.0,0.0,0.0,0.0,0.0,0.0,0.0,0.0,0.0,0.0,0.0,True
1.0,0.0,0.0,0.0,0.0,0.0,0.0,0.0,0.0,0.0,0.0,0.0,True
1.0,0.0,0.0,0.0,0.0,0.0,0.0,0.0,0.0,0.0,0.0,0.0,True
1.0,0.0,0.0,0.0,0.0,0.0,0.0,0.0,0.0,0.0,0.0,0.0,True
1.0,0.0,0.0,0.0,0.0,0.0,0.0,0.0,0.0,0.0,0.0,0.0,True
1.0,0.0,0.0,0.0,0.0,0.0,0.0,0.0,0.0,0.0,0.0,0.0,True
1.0,0.0,0.0,0.0,0.0,0.0,0.0,0.0,0.0,0.0,0.0,0.0,True
1.0,0.0,0.0,0.0,0.0,0.0,0.0,0.0,0.0,0.0,0.0,0.0,True
0.5,0.5,0.0,0.0,0.0,0.0,0.0,0.0,0.0,0.0,0.0,0.0,True
1.0,0.0,0.0,0.0,0.0,0.0,0.0,0.0,0.0,0.0,0.0,0.0,True
1.0,0.0,0.0,0.0,0.0,0.0,0.0,0.0,0.0,0.0,0.0,0.0,True
1.0,0.0,0.0,0.0,0.0,0.0,0.0,0.0,0.0,0.0,0.0,0.0,True
1.0,0.0,0.0,0.0,0.0,0.0,0.0,0.0,0.0,0.0,0.0,0.0,True
1.0,0.0,0.0,0.0,0.0,0.0,0.0,0.0,0.0,0.0,0.0,0.0,True
1.0,0.0,0.0,0.0,0.0,0.0,0.0,0.0,0.0,0.0,0.0,0.0,True
1.0,0.0,0.0,0.0,0.0,0.0,0.0,0.0,0.0,0.0,0.0,0.0,True
1.0,0.0,0.0,0.0,0.0,0.0,0.0,0.0,0.0,0.0,0.0,0.0,True
1.0,0.0,0.0,0.0,0.0,0.0,0.0,0.0,0.0,0.0,0.0,0.0,True
1.0,0.0,0.0,0.0,0.0,0.0,0.0,0.0,0.0,0.0,0.0,0.0,True
1.0,0.0,0.0,0.0,0.0,0.0,0.0,0.0,0.0,0.0,0.0,0.0,True
0.6,0.4,0.0,0.0,0.0,0.0,0.0,0.0,0.0,0.0,0.0,0.0,True
0.375,0.375,0.25,0.0,0.0,0.0,0.0,0.0,0.0,0.0,0.0,0.0,True
1.0,0.0,0.0,0.0,0.0,0.0,0.0,0.0,0.0,0.0,0.0,0.0,True
1.0,0.0,0.0,0.0,0.0,0.0,0.0,0.0,0.0,0.0,0.0,0.0,True
1.0,0.0,0.0,0.0,0.0,0.0,0.0,0.0,0.0,0.0,0.0,0.0,True
0.5,0.5,0.0,0.0,0.0,0.0,0.0,0.0,0.0,0.0,0.0,0.0,True
0.333333,0.333333,0.333333,0.0,0.0,0.0,0.0,0.0,0.0,0.0,0.0,0.0,True
1.0,0.0,0.0,0.0,0.0,0.0,0.0,0.0,0.0,0.0,0.0,0.0,True
0.5,0.5,0.0,0.0,0.0,0.0,0.0,0.0,0.0,0.0,0.0,0.0,True
1.0,0.0,0.0,0.0,0.0,0.0,0.0,0.0,0.0,0.0,0.0,0.0,True
1.0,0.0,0.0,0.0,0.0,0.0,0.0,0.0,0.0,0.0,0.0,0.0,True
1.0,0.0,0.0,0.0,0.0,0.0,0.0,0.0,0.0,0.0,0.0,0.0,True
1.0,0.0,0.0,0.0,0.0,0.0,0.0,0.0,0.0,0.0,0.0,0.0,True
0.5,0.5,0.0,0.0,0.0,0.0,0.0,0.0,0.0,0.0,0.0,0.0,True
1.0,0.0,0.0,0.0,0.0,0.0,0.0,0.0,0.0,0.0,0.0,0.0,True
0.666667,0.333333,0.0,0.0,0.0,0.0,0.0,0.0,0.0,0.0,0.0,0.0,True
1.0,0.0,0.0,0.0,0.0,0.0,0.0,0.0,0.0,0.0,0.0,0.0,True
0.5,0.5,0.0,0.0,0.0,0.0,0.0,0.0,0.0,0.0,0.0,0.0,True
1.0,0.0,0.0,0.0,0.0,0.0,0.0,0.0,0.0,0.0,0.0,0.0,True
1.0,0.0,0.0,0.0,0.0,0.0,0.0,0.0,0.0,0.0,0.0,0.0,True
1.0,0.0,0.0,0.0,0.0,0.0,0.0,0.0,0.0,0.0,0.0,0.0,True
1.0,0.0,0.0,0.0,0.0,0.0,0.0,0.0,0.0,0.0,0.0,0.0,True
1.0,0.0,0.0,0.0,0.0,0.0,0.0,0.0,0.0,0.0,0.0,0.0,True
1.0,0.0,0.0,0.0,0.0,0.0,0.0,0.0,0.0,0.0,0.0,0.0,True
1.0,0.0,0.0,0.0,0.0,0.0,0.0,0.0,0.0,0.0,0.0,0.0,True
1.0,0.0,0.0,0.0,0.0,0.0,0.0,0.0,0.0,0.0,0.0,0.0,True
0.2,0.2,0.2,0.2,0.2,0.0,0.0,0.0,0.0,0.0,0.0,0.0,True
0.333333,0.166667,0.166667,0.166667,0.166667,0.0,0.0,0.0,0.0,0.0,0.0,0.0,True
0.285714,0.285714,0.142857,0.142857,0.142857,0.0,0.0,0.0,0.0,0.0,0.0,0.0,True
0.4,0.133333,0.133333,0.133333,0.066667,0.066667,0.066667,0.0,0.0,0.0,0.0,0.0,True
1.0,0.0,0.0,0.0,0.0,0.0,0.0,0.0,0.0,0.0,0.0,0.0,True
0.5,0.5,0.0,0.0,0.0,0.0,0.0,0.0,0.0,0.0,0.0,0.0,True
0.5,0.2,0.2,0.1,0.0,0.0,0.0,0.0,0.0,0.0,0.0,0.0,True
1.0,0.0,0.0,0.0,0.0,0.0,0.0,0.0,0.0,0.0,0.0,0.0,True
0.444444,0.222222,0.222222,0.111111,0.0,0.0,0.0,0.0,0.0,0.0,0.0,0.0,True
0.5,0.25,0.25,0.0,0.0,0.0,0.0,0.0,0.0,0.0,0.0,0.0,True
0.5,0.25,0.25,0.0,0.0,0.0,0.0,0.0,0.0,0.0,0.0,0.0,True
0.5,0.25,0.25,0.0,0.0,0.0,0.0,0.0,0.0,0.0,0.0,0.0,True
0.6,0.4,0.0,0.0,0.0,0.0,0.0,0.0,0.0,0.0,0.0,0.0,True
0.333333,0.333333,0.333333,0.0,0.0,0.0,0.0,0.0,0.0,0.0,0.0,0.0,True
0.333333,0.333333,0.333333,0.0,0.0,0.0,0.0,0.0,0.0,0.0,0.0,0.0,True
0.333333,0.333333,0.333333,0.0,0.0,0.0,0.0,0.0,0.0,0.0,0.0,0.0,True
0.333333,0.333333,0.333333,0.0,0.0,0.0,0.0,0.0,0.0,0.0,0.0,0.0,True
0.333333,0.333333,0.333333,0.0,0.0,0.0,0.0,0.0,0.0,0.0,0.0,0.0,True
0.333333,0.333333,0.333333,0.0,0.0,0.0,0.0,0.0,0.0,0.0,0.0,0.0,True
0.333333,0.333333,0.333333,0.0,0.0,0.0,0.0,0.0,0.0,0.0,0.0,0.0,True
0.666667,0.333333,0.0,0.0,0.0,0.0,0.0,0.0,0.0,0.0,0.0,0.0,True
0.666667,0.333333,0.0,0.0,0.0,0.0,0.0,0.0,0.0,0.0,0.0,0.0,True
0.666667,0.333333,0.0,0.0,0.0,0.0,0.0,0.0,0.0,0.0,0.0,0.0,True
0.666667,0.333333,0.0,0.0,0.0,0.0,0.0,0.0,0.0,0.0,0.0,0.0,True
0.666667,0.333333,0.0,0.0,0.0,0.0,0.0,0.0,0.0,0.0,0.0,0.0,True
0.666667,0.333333,0.0,0.0,0.0,0.0,0.0,0.0,0.0,0.0,0.0,0.0,True
0.193227,0.159363,0.155378,0.109562,0.109562,0.081673,0.057769,0.047809,0.027888,0.023904,0.021912,0.011952,True
0.205882,0.167421,0.144796,0.104072,0.095023,0.08371,0.054299,0.049774,0.031674,0.024887,0.024887,0.013575,True
0.310811,0.202703,0.135135,0.121622,0.121622,0.040541,0.040541,0.027027,0.0,0.0,0.0,0.0,True
0.181939,0.163347,0.14741,0.104914,0.099602,0.082337,0.058433,0.057105,0.033201,0.033201,0.01992,0.018592,True
0.18254,0.154195,0.136054,0.134921,0.095238,0.064626,0.05102,0.046485,0.040816,0.040816,0.027211,0.026077,True
0.25,0.225,0.2,0.125,0.1,0.075,0.025,0.0,0.0,0.0,0.0,0.0,True
0.199226,0.154739,0.147002,0.106383,0.090909,0.083172,0.06383,0.06383,0.027079,0.023211,0.021277,0.019342,True
0.186649,0.152589,0.140327,0.128065,0.107629,0.074932,0.061308,0.040872,0.03951,0.029973,0.021798,0.016349,True
0.193122,0.177249,0.124339,0.103175,0.093915,0.058201,0.058201,0.047619,0.042328,0.042328,0.030423,0.029101,True
0.197138,0.149444,0.136725,0.125596,0.09062,0.077901,0.062003,0.047695,0.042925,0.025437,0.025437,0.019078,True
0.223048,0.148699,0.143123,0.124535,0.091078,0.085502,0.072491,0.04461,0.035316,0.016729,0.007435,0.007435,True
0.172598,0.169039,0.145907,0.112989,0.090747,0.068505,0.057829,0.050712,0.044484,0.032918,0.02847,0.025801,True
0.15991,0.15991,0.153153,0.101351,0.096847,0.056306,0.054054,0.051802,0.04955,0.047297,0.040541,0.029279,True
0.216545,0.170316,0.150852,0.094891,0.090024,0.082725,0.060827,0.048662,0.026764,0.024331,0.019465,0.014599,True
0.195627,0.189873,0.117376,0.094361,0.09206,0.081703,0.050633,0.04603,0.043728,0.036824,0.026467,0.025316,True
0.2875,0.21875,0.19375,0.0875,0.06875,0.0375,0.0375,0.03125,0.025,0.0125,0.0,0.0,True
0.272727,0.272727,0.163636,0.109091,0.090909,0.054545,0.036364,0.0,0.0,0.0,0.0,0.0,True
0.502994,0.191617,0.143713,0.095808,0.035928,0.011976,0.011976,0.005988,0.0,0.0,0.0,0.0,True
0.190751,0.187861,0.135838,0.104046,0.095376,0.092486,0.054913,0.049133,0.040462,0.026012,0.011561,0.011561,True
0.208511,0.155319,0.153191,0.125532,0.087234,0.085106,0.070213,0.042553,0.03617,0.019149,0.008511,0.008511,True
0.184874,0.154622,0.139496,0.127731,0.087395,0.078992,0.062185,0.05042,0.045378,0.026891,0.026891,0.015126,True
0.192819,0.163564,0.12766,0.102394,0.101064,0.06383,0.055851,0.047872,0.047872,0.037234,0.030585,0.029255,True
0.228571,0.185714,0.164286,0.135714,0.1,0.085714,0.071429,0.028571,0.0,0.0,0.0,0.0,True
0.16269,0.157267,0.144252,0.136659,0.100868,0.059653,0.052061,0.048807,0.042299,0.04013,0.034707,0.020607,True
0.317647,0.141176,0.141176,0.141176,0.094118,0.070588,0.047059,0.047059,0.0,0.0,0.0,0.0,True
0.2,0.167273,0.116364,0.109091,0.095758,0.070303,0.053333,0.053333,0.046061,0.033939,0.027879,0.026667,True
0.21547,0.156906,0.117127,0.108287,0.098343,0.072928,0.055249,0.048619,0.041989,0.035359,0.025414,0.024309,True
0.386364,0.125,0.090909,0.079545,0.068182,0.068182,0.056818,0.056818,0.056818,0.011364,0.0,0.0,True
0.251101,0.242291,0.101322,0.07489,0.061674,0.052863,0.048458,0.044053,0.035242,0.030837,0.030837,0.026432,True
0.242775,0.156069,0.144509,0.109827,0.083815,0.075145,0.057803,0.040462,0.028902,0.023121,0.020231,0.017341,True
0.203666,0.161914,0.124236,0.124236,0.095723,0.06721,0.052953,0.046843,0.038697,0.038697,0.023422,0.022403,True
0.177814,0.171289,0.140294,0.106036,0.102773,0.081566,0.063622,0.053834,0.029364,0.026101,0.02447,0.022838,True
0.298246,0.210526,0.210526,0.105263,0.052632,0.052632,0.035088,0.017544,0.017544,0.0,0.0,0.0,True
0.198653,0.144781,0.117845,0.090909,0.090909,0.080808,0.06734,0.060606,0.047138,0.040404,0.037037,0.023569,True
0.209622,0.151203,0.140893,0.116838,0.099656,0.089347,0.04811,0.04811,0.037801,0.030928,0.013746,0.013746,True
0.305263,0.221053,0.147368,0.115789,0.094737,0.084211,0.031579,0.0,0.0,0.0,0.0,0.0,True
0.175772,0.153207,0.142518,0.133017,0.099762,0.066508,0.053444,0.042755,0.04038,0.04038,0.026128,0.026128,True
0.285714,0.285714,0.285714,0.142857,0.0,0.0,0.0,0.0,0.0,0.0,0.0,0.0,True
0.172065,0.17004,0.15587,0.103239,0.091093,0.052632,0.050607,0.050607,0.048583,0.04251,0.036437,0.026316,True
0.169435,0.139535,0.116279,0.106312,0.10299,0.079734,0.07309,0.059801,0.056478,0.043189,0.033223,0.019934,True
0.294715,0.142276,0.105691,0.097561,0.097561,0.089431,0.056911,0.04878,0.036585,0.018293,0.00813,0.004065,True
0.188209,0.151927,0.126984,0.102041,0.0839,0.056689,0.056689,0.056689,0.054422,0.049887,0.040816,0.031746,True
0.212551,0.161943,0.147773,0.125506,0.080972,0.07085,0.066802,0.048583,0.038462,0.018219,0.01417,0.01417,True
0.292683,0.146341,0.146341,0.121951,0.097561,0.097561,0.097561,0.0,0.0,0.0,0.0,0.0,True
0.182906,0.157265,0.136752,0.111111,0.100855,0.087179,0.073504,0.05641,0.025641,0.023932,0.023932,0.020513,True
0.220126,0.18239,0.115304,0.090147,0.081761,0.062893,0.0587,0.056604,0.037736,0.037736,0.02935,0.027254,True
0.215933,0.15304,0.113208,0.106918,0.090147,0.0587,0.056604,0.050314,0.044025,0.044025,0.037736,0.02935,True
0.204,0.172,0.14,0.092,0.08,0.056,0.056,0.056,0.056,0.044,0.028,0.016,True
0.326923,0.173077,0.134615,0.096154,0.096154,0.096154,0.028846,0.028846,0.019231,0.0,0.0,0.0,True
0.333333,0.22807,0.105263,0.087719,0.087719,0.061404,0.052632,0.017544,0.017544,0.008772,0.0,0.0,True
0.378378,0.202703,0.135135,0.121622,0.108108,0.040541,0.013514,0.0,0.0,0.0,0.0,0.0,True
0.208333,0.196429,0.142857,0.107143,0.095238,0.071429,0.059524,0.047619,0.02381,0.02381,0.02381,0.0,True
0.189189,0.175676,0.172973,0.116216,0.081081,0.072973,0.062162,0.045946,0.037838,0.024324,0.010811,0.010811,True
0.159836,0.127049,0.118852,0.102459,0.098361,0.098361,0.07377,0.065574,0.061475,0.053279,0.02459,0.016393,True
0.189663,0.165955,0.130868,0.119488,0.092935,0.077762,0.049312,0.043623,0.043623,0.03651,0.02845,0.021811,True
0.174216,0.155052,0.15331,0.111498,0.085366,0.057491,0.052265,0.050523,0.050523,0.04878,0.038328,0.022648,True
0.179272,0.145658,0.120448,0.120448,0.098039,0.067227,0.061625,0.061625,0.05042,0.05042,0.033613,0.011204,True
0.262911,0.206573,0.140845,0.098592,0.084507,0.075117,0.065728,0.037559,0.028169,0.0,0.0,0.0,True
0.230769,0.2,0.2,0.123077,0.092308,0.092308,0.030769,0.030769,0.0,0.0,0.0,0.0,True
0.2,0.179866,0.126174,0.099329,0.089933,0.05906,0.053691,0.051007,0.042953,0.037584,0.030872,0.02953,True
0.288557,0.208955,0.119403,0.094527,0.089552,0.059701,0.059701,0.039801,0.029851,0.00995,0.0,0.0,True
0.415385,0.138462,0.138462,0.123077,0.092308,0.061538,0.015385,0.015385,0.0,0.0,0.0,0.0,True
0.177515,0.160609,0.152156,0.148774,0.092984,0.079459,0.065934,0.032122,0.030431,0.024514,0.020287,0.015216,True
0.198758,0.190994,0.108696,0.091615,0.088509,0.085404,0.054348,0.049689,0.043478,0.037267,0.02795,0.023292,True
0.188679,0.176887,0.167453,0.113208,0.066038,0.058962,0.058962,0.049528,0.042453,0.028302,0.028302,0.021226,True
0.6,0.2,0.2,0.0,0.0,0.0,0.0,0.0,0.0,0.0,0.0,0.0,True
0.186235,0.163968,0.151822,0.125506,0.101215,0.07085,0.048583,0.040486,0.032389,0.030364,0.02834,0.020243,True
0.166352,0.160681,0.141777,0.120983,0.092628,0.056711,0.05293,0.05104,0.047259,0.043478,0.041588,0.024575,True
0.268657,0.21393,0.089552,0.084577,0.079602,0.069652,0.049751,0.044776,0.034826,0.029851,0.029851,0.004975,True
0.191946,0.147651,0.134228,0.112752,0.097987,0.073826,0.057718,0.048322,0.041611,0.037584,0.02953,0.026846,True
0.21164,0.174603,0.171958,0.103175,0.07672,0.074074,0.060847,0.044974,0.037037,0.02381,0.010582,0.010582,True
0.180995,0.167421,0.162896,0.108597,0.088235,0.056561,0.056561,0.047511,0.045249,0.029412,0.029412,0.027149,True
0.221122,0.158416,0.135314,0.105611,0.09571,0.085809,0.049505,0.046205,0.046205,0.029703,0.013201,0.013201,True
0.253521,0.225352,0.126761,0.098592,0.084507,0.070423,0.070423,0.056338,0.014085,0.0,0.0,0.0,True
0.435115,0.160305,0.10687,0.091603,0.068702,0.068702,0.045802,0.015267,0.007634,0.0,0.0,0.0,True
0.207705,0.157454,0.139028,0.127303,0.082077,0.077052,0.065327,0.046901,0.041876,0.020101,0.020101,0.015075,True
0.20297,0.158416,0.153465,0.143564,0.079208,0.069307,0.054455,0.039604,0.039604,0.019802,0.019802,0.019802,True
0.241379,0.163793,0.123563,0.103448,0.08908,0.08046,0.060345,0.048851,0.04023,0.025862,0.011494,0.011494,True
0.188067,0.166018,0.124514,0.102464,0.101167,0.064851,0.057069,0.051881,0.049287,0.036316,0.029831,0.028534,True
0.252033,0.150407,0.138211,0.117886,0.113821,0.089431,0.081301,0.04065,0.00813,0.00813,0.0,0.0,True
0.210634,0.155419,0.151329,0.096115,0.08998,0.079755,0.067485,0.06135,0.02863,0.022495,0.02045,0.01636,True
0.348285,0.200528,0.137203,0.094987,0.050132,0.047493,0.042216,0.031662,0.031662,0.010554,0.005277,0.0,True
0.197605,0.194611,0.143713,0.110778,0.083832,0.068862,0.056886,0.050898,0.041916,0.026946,0.011976,0.011976,True
0.173043,0.14126,0.14126,0.140082,0.101236,0.064744,0.052972,0.049441,0.042966,0.038846,0.036492,0.017657,True
0.175227,0.175227,0.145015,0.098187,0.095166,0.08006,0.064955,0.05287,0.034743,0.034743,0.022659,0.021148,True
0.230189,0.196226,0.14717,0.101887,0.071698,0.067925,0.056604,0.049057,0.033962,0.015094,0.015094,0.015094,True
0.183113,0.177009,0.152594,0.113937,0.093591,0.07528,0.046796,0.038657,0.036623,0.029502,0.02645,0.02645,True
0.192412,0.181572,0.127371,0.100271,0.090786,0.059621,0.054201,0.051491,0.04336,0.03794,0.031165,0.02981,True
0.207362,0.169325,0.125153,0.105521,0.092025,0.056442,0.053988,0.04908,0.046626,0.039264,0.028221,0.026994,True
0.223975,0.148265,0.129338,0.119874,0.107256,0.094637,0.063091,0.044164,0.031546,0.018927,0.012618,0.006309,True
0.235294,0.235294,0.235294,0.235294,0.058824,0.0,0.0,0.0,0.0,0.0,0.0,0.0,True
0.215078,0.161863,0.10643,0.099778,0.095344,0.059867,0.053215,0.053215,0.046563,0.039911,0.037694,0.031042,True
0.240964,0.180723,0.144578,0.120482,0.120482,0.096386,0.096386,0.0,0.0,0.0,0.0,0.0,True
0.470588,0.235294,0.235294,0.058824,0.0,0.0,0.0,0.0,0.0,0.0,0.0,0.0,True
0.666667,0.333333,0.0,0.0,0.0,0.0,0.0,0.0,0.0,0.0,0.0,0.0,True
0.189624,0.178891,0.118068,0.109123,0.076923,0.064401,0.053667,0.053667,0.042934,0.041145,0.039356,0.0322,True
0.166337,0.164356,0.156436,0.118812,0.089109,0.057426,0.053465,0.053465,0.051485,0.031683,0.031683,0.025743,True
0.185639,0.182137,0.115587,0.10683,0.078809,0.06655,0.056042,0.056042,0.042032,0.04028,0.038529,0.031524,True
0.189349,0.142012,0.121302,0.10355,0.094675,0.071006,0.065089,0.065089,0.053254,0.053254,0.029586,0.011834,True
0.206787,0.173913,0.112407,0.103924,0.091198,0.090138,0.053022,0.04666,0.040297,0.033934,0.02439,0.02333,True
0.405694,0.156584,0.135231,0.099644,0.067616,0.064057,0.042705,0.014235,0.007117,0.007117,0.0,0.0,True
0.243902,0.146341,0.128049,0.121951,0.091463,0.079268,0.054878,0.04878,0.02439,0.02439,0.02439,0.012195,True
0.307692,0.192308,0.115385,0.096154,0.076923,0.076923,0.076923,0.057692,0.0,0.0,0.0,0.0,True
0.183445,0.143177,0.14094,0.107383,0.091723,0.055928,0.053691,0.051454,0.051454,0.049217,0.040268,0.03132,True
0.168724,0.160494,0.152263,0.131687,0.098765,0.09465,0.057613,0.037037,0.032922,0.032922,0.016461,0.016461,True
0.253644,0.19242,0.09621,0.090379,0.084548,0.069971,0.061224,0.055394,0.040816,0.029155,0.023324,0.002915,True
0.169683,0.156109,0.144796,0.10181,0.097285,0.056561,0.054299,0.052036,0.049774,0.045249,0.040724,0.031674,True
0.161871,0.158273,0.152878,0.115108,0.088129,0.055755,0.053957,0.052158,0.05036,0.048561,0.039568,0.023381,True
0.224806,0.197674,0.127907,0.093023,0.065891,0.062016,0.05814,0.054264,0.050388,0.03876,0.023256,0.003876,True
0.221429,0.203571,0.114286,0.110714,0.078571,0.060714,0.060714,0.05,0.039286,0.032143,0.014286,0.014286,True
0.176393,0.168435,0.155172,0.139257,0.096817,0.071618,0.061008,0.033156,0.03183,0.027851,0.019894,0.018568,True
0.300971,0.15534,0.15534,0.126214,0.116505,0.067961,0.038835,0.019417,0.019417,0.0,0.0,0.0,True
0.197724,0.187767,0.136558,0.105263,0.099573,0.096728,0.056899,0.042674,0.029872,0.029872,0.01707,0.0,True
0.198718,0.182692,0.137821,0.102564,0.096154,0.080128,0.054487,0.048077,0.044872,0.028846,0.012821,0.012821,True
0.261538,0.179487,0.128205,0.123077,0.123077,0.082051,0.061538,0.030769,0.010256,0.0,0.0,0.0,True
0.182938,0.174142,0.137203,0.116974,0.096746,0.062445,0.050132,0.045734,0.045734,0.034301,0.028144,0.025506,True
0.239437,0.197183,0.150235,0.098592,0.084507,0.084507,0.065728,0.037559,0.028169,0.014085,0.0,0.0,True
0.169891,0.159798,0.15307,0.148024,0.095879,0.079058,0.065601,0.03196,0.030278,0.02439,0.021867,0.020185,True
0.182648,0.16621,0.136073,0.115068,0.097717,0.080365,0.047489,0.042009,0.042009,0.035616,0.028311,0.026484,True
0.185501,0.153518,0.136461,0.104478,0.091684,0.055437,0.055437,0.051173,0.051173,0.046908,0.03838,0.029851,True
0.167959,0.165375,0.136951,0.111111,0.093023,0.062016,0.059432,0.056848,0.049096,0.046512,0.041344,0.010336,True
0.234234,0.216216,0.144144,0.099099,0.09009,0.072072,0.072072,0.072072,0.0,0.0,0.0,0.0,True
0.175439,0.173592,0.142198,0.117267,0.094183,0.063712,0.052632,0.046168,0.044321,0.034164,0.029548,0.026777,True
0.178153,0.150845,0.135241,0.135241,0.104031,0.071521,0.058518,0.044213,0.041612,0.037711,0.026008,0.016905,True
0.184483,0.175862,0.165517,0.106897,0.096552,0.07069,0.043103,0.041379,0.039655,0.025862,0.025862,0.024138,True
0.319672,0.221311,0.114754,0.106557,0.07377,0.057377,0.04918,0.032787,0.02459,0.0,0.0,0.0,True
0.184483,0.177586,0.148276,0.108621,0.101724,0.075862,0.056897,0.043103,0.02931,0.025862,0.024138,0.024138,True
0.170354,0.161504,0.146018,0.099558,0.095133,0.05531,0.05531,0.053097,0.048673,0.04646,0.039823,0.028761,True
0.187087,0.156584,0.138282,0.122013,0.092527,0.067107,0.052872,0.046772,0.042705,0.039146,0.030503,0.024403,True
0.327381,0.190476,0.119048,0.113095,0.095238,0.071429,0.047619,0.035714,0.0,0.0,0.0,0.0,True
0.195343,0.151358,0.129366,0.108668,0.098318,0.073739,0.055627,0.047865,0.046572,0.036223,0.028461,0.028461,True
0.189573,0.123223,0.113744,0.109005,0.094787,0.085308,0.080569,0.075829,0.061611,0.056872,0.009479,0.0,True
0.162374,0.155655,0.150056,0.137738,0.105263,0.067189,0.055991,0.040314,0.039194,0.035834,0.029115,0.021277,True
0.241848,0.184783,0.133152,0.092391,0.084239,0.084239,0.057065,0.054348,0.027174,0.021739,0.016304,0.002717,True
0.461538,0.461538,0.076923,0.0,0.0,0.0,0.0,0.0,0.0,0.0,0.0,0.0,True
0.172662,0.158273,0.111511,0.104317,0.086331,0.079137,0.064748,0.064748,0.064748,0.043165,0.035971,0.014388,True
0.314607,0.11236,0.11236,0.11236,0.11236,0.11236,0.044944,0.044944,0.022472,0.011236,0.0,0.0,True
0.169473,0.160494,0.144781,0.138047,0.105499,0.06734,0.056117,0.040404,0.039282,0.032548,0.029181,0.016835,True
0.173442,0.157182,0.121951,0.111111,0.100271,0.065041,0.059621,0.059621,0.04878,0.04878,0.03794,0.01626,True
0.194149,0.156915,0.12766,0.111702,0.095745,0.067819,0.051862,0.050532,0.047872,0.037234,0.029255,0.029255,True
0.371517,0.173375,0.148607,0.099071,0.058824,0.055728,0.037152,0.024768,0.024768,0.006192,0.0,0.0,True
0.165631,0.15528,0.15528,0.10766,0.093168,0.057971,0.05176,0.05176,0.045549,0.045549,0.043478,0.026915,True
0.286957,0.173913,0.173913,0.104348,0.069565,0.069565,0.069565,0.052174,0.0,0.0,0.0,0.0,True
0.207843,0.156863,0.129412,0.090196,0.082353,0.062745,0.058824,0.054902,0.054902,0.047059,0.035294,0.019608,True
0.178273,0.144847,0.125348,0.119777,0.097493,0.066852,0.061281,0.061281,0.050139,0.050139,0.033426,0.011142,True
0.185841,0.183628,0.165929,0.123894,0.070796,0.064159,0.064159,0.04646,0.039823,0.019912,0.017699,0.017699,True
0.176179,0.158809,0.133995,0.1067,0.091811,0.062035,0.059553,0.054591,0.049628,0.049628,0.044665,0.012407,True
0.239316,0.213675,0.136752,0.094017,0.08547,0.068376,0.068376,0.068376,0.025641,0.0,0.0,0.0,True
0.183232,0.177182,0.133967,0.114088,0.094209,0.076059,0.044944,0.044944,0.044944,0.033708,0.027658,0.025065,True
0.187675,0.151261,0.137255,0.117647,0.093838,0.068627,0.054622,0.05042,0.043417,0.039216,0.030812,0.02521,True
0.174342,0.157895,0.143092,0.118421,0.09375,0.059211,0.054276,0.050987,0.046053,0.044408,0.036184,0.021382,True
0.186785,0.158831,0.134689,0.109276,0.106734,0.069886,0.057179,0.045743,0.041931,0.038119,0.027954,0.022872,True
0.171893,0.149826,0.141696,0.139373,0.097561,0.063879,0.052265,0.044135,0.041812,0.039489,0.03252,0.025552,True
0.21519,0.202532,0.126582,0.126582,0.101266,0.101266,0.050633,0.050633,0.025316,0.0,0.0,0.0,True
0.75,0.25,0.0,0.0,0.0,0.0,0.0,0.0,0.0,0.0,0.0,0.0,True
0.28125,0.140625,0.135417,0.119792,0.104167,0.083333,0.083333,0.03125,0.010417,0.010417,0.0,0.0,True
0.351759,0.170854,0.130653,0.070352,0.060302,0.060302,0.060302,0.060302,0.020101,0.01005,0.005025,0.0,True
0.185741,0.168856,0.135084,0.101313,0.08818,0.061914,0.04878,0.046904,0.045028,0.043152,0.041276,0.033771,True
0.187614,0.156648,0.145719,0.107468,0.107468,0.08561,0.060109,0.060109,0.027322,0.025501,0.021858,0.014572,True
0.198842,0.15251,0.150579,0.106178,0.090734,0.083012,0.063707,0.061776,0.027027,0.025097,0.021236,0.019305,True
0.363636,0.181818,0.181818,0.181818,0.090909,0.0,0.0,0.0,0.0,0.0,0.0,0.0,True
0.220418,0.160093,0.099768,0.090487,0.088167,0.064965,0.062645,0.055684,0.053364,0.041763,0.032483,0.030162,True
0.177055,0.175248,0.140921,0.114724,0.095754,0.064137,0.051491,0.046974,0.04336,0.03523,0.028907,0.026197,True
0.228261,0.165761,0.163043,0.103261,0.089674,0.07337,0.054348,0.038043,0.027174,0.021739,0.019022,0.016304,True
0.22695,0.148936,0.136525,0.118794,0.097518,0.088652,0.079787,0.042553,0.030142,0.015957,0.007092,0.007092,True
0.189815,0.168981,0.148148,0.127315,0.094907,0.083333,0.076389,0.039352,0.032407,0.020833,0.009259,0.009259,True
0.262774,0.175182,0.124088,0.109489,0.072993,0.062044,0.058394,0.043796,0.036496,0.029197,0.021898,0.00365,True
0.165605,0.161359,0.135881,0.112527,0.091295,0.053079,0.050955,0.050955,0.046709,0.046709,0.046709,0.038217,True
0.156364,0.134545,0.116364,0.112727,0.105455,0.087273,0.08,0.065455,0.050909,0.04,0.029091,0.021818,True
0.245509,0.188623,0.107784,0.101796,0.095808,0.086826,0.05988,0.041916,0.026946,0.020958,0.017964,0.005988,True
0.20979,0.192308,0.122378,0.122378,0.08042,0.066434,0.066434,0.048951,0.034965,0.027972,0.027972,0.0,True
0.199134,0.167749,0.119048,0.114719,0.097403,0.071429,0.056277,0.049784,0.041126,0.034632,0.024892,0.02381,True
0.222482,0.161593,0.105386,0.096019,0.088993,0.063232,0.056206,0.056206,0.044496,0.042155,0.032787,0.030445,True
0.199108,0.190193,0.104012,0.099554,0.084695,0.08321,0.053492,0.047548,0.041605,0.035661,0.034175,0.026746,True
0.183533,0.176672,0.120069,0.09777,0.09434,0.087479,0.049743,0.048027,0.046312,0.041166,0.030875,0.024014,True
0.175676,0.162162,0.156156,0.141141,0.096096,0.070571,0.058559,0.037538,0.036036,0.022523,0.022523,0.021021,True
0.218579,0.180328,0.174863,0.103825,0.098361,0.098361,0.065574,0.043716,0.016393,0.0,0.0,0.0,True
0.252174,0.252174,0.13913,0.095652,0.095652,0.086957,0.06087,0.017391,0.0,0.0,0.0,0.0,True
0.352273,0.136364,0.113636,0.090909,0.045455,0.045455,0.045455,0.045455,0.045455,0.045455,0.034091,0.0,True
0.218855,0.159371,0.118967,0.105499,0.090909,0.071829,0.056117,0.049383,0.042649,0.035915,0.025814,0.024691,True
0.253165,0.202532,0.132911,0.088608,0.075949,0.063291,0.063291,0.050633,0.025316,0.025316,0.018987,0.0,True
0.192488,0.171362,0.150235,0.124413,0.091549,0.079812,0.077465,0.039906,0.032864,0.021127,0.00939,0.00939,True
0.163265,0.145408,0.135204,0.109694,0.104592,0.061224,0.056122,0.056122,0.048469,0.045918,0.040816,0.033163,True
0.232,0.16,0.16,0.101333,0.090667,0.077333,0.053333,0.042667,0.026667,0.021333,0.018667,0.016,True
0.189488,0.150069,0.143845,0.131397,0.107884,0.076072,0.062241,0.034578,0.031812,0.030429,0.023513,0.018672,True
0.183865,0.178236,0.150094,0.116323,0.103189,0.069418,0.045028,0.0394,0.031895,0.028143,0.028143,0.026266,True
0.235577,0.206731,0.129808,0.081731,0.067308,0.057692,0.052885,0.048077,0.038462,0.033654,0.028846,0.019231,True
0.20776,0.150188,0.125156,0.105131,0.097622,0.071339,0.05632,0.050063,0.045056,0.035044,0.028786,0.027534,True
0.180822,0.157534,0.153425,0.145205,0.093151,0.072603,0.061644,0.034247,0.032877,0.028767,0.020548,0.019178,True
0.489247,0.150538,0.129032,0.096774,0.064516,0.048387,0.010753,0.010753,0.0,0.0,0.0,0.0,True
0.188953,0.174419,0.125,0.110465,0.090116,0.072674,0.05814,0.052326,0.046512,0.034884,0.034884,0.011628,True
0.17382,0.169528,0.145923,0.096567,0.092275,0.05794,0.053648,0.051502,0.04721,0.045064,0.038627,0.027897,True
0.297959,0.130612,0.114286,0.110204,0.085714,0.081633,0.057143,0.04898,0.036735,0.02449,0.008163,0.004082,True
0.180691,0.175376,0.138175,0.11426,0.099203,0.062888,0.052259,0.046058,0.042516,0.034544,0.028344,0.025686,True
0.226721,0.194332,0.117409,0.117409,0.101215,0.080972,0.080972,0.040486,0.016194,0.012146,0.012146,0.0,True
0.20904,0.166667,0.115819,0.112994,0.110169,0.09887,0.056497,0.039548,0.036723,0.025424,0.016949,0.011299,True
0.216545,0.189781,0.114355,0.104623,0.10219,0.090024,0.055961,0.046229,0.034063,0.021898,0.014599,0.009732,True
0.138889,0.133333,0.133333,0.116667,0.111111,0.1,0.088889,0.077778,0.066667,0.022222,0.011111,0.0,True
0.24812,0.210526,0.112782,0.090226,0.090226,0.075188,0.045113,0.030075,0.030075,0.030075,0.030075,0.007519,True
0.230769,0.194332,0.1417,0.101215,0.072874,0.060729,0.060729,0.052632,0.036437,0.016194,0.016194,0.016194,True
0.271242,0.196078,0.107843,0.101307,0.065359,0.062092,0.058824,0.055556,0.03268,0.026144,0.019608,0.003268,True
0.213953,0.160465,0.139535,0.123256,0.090698,0.083721,0.076744,0.039535,0.032558,0.02093,0.009302,0.009302,True
0.196203,0.188291,0.110759,0.093354,0.09019,0.087025,0.050633,0.050633,0.044304,0.037975,0.028481,0.022152,True
0.175806,0.164516,0.141935,0.103226,0.093548,0.059677,0.05,0.048387,0.046774,0.045161,0.035484,0.035484,True
0.229287,0.146435,0.140655,0.11368,0.094412,0.092486,0.078998,0.038536,0.032755,0.017341,0.007707,0.007707,True
0.19906,0.189655,0.109718,0.092476,0.089342,0.083072,0.054859,0.050157,0.043887,0.037618,0.028213,0.021944,True
0.17517,0.166667,0.146259,0.110544,0.107143,0.079932,0.057823,0.056122,0.027211,0.02551,0.02381,0.02381,True
0.188329,0.183024,0.114058,0.103448,0.074271,0.071618,0.068966,0.047745,0.047745,0.037135,0.034483,0.029178,True
0.198381,0.180837,0.124157,0.099865,0.090418,0.059379,0.053981,0.051282,0.043185,0.037787,0.031039,0.02969,True
0.208791,0.168132,0.116484,0.103297,0.098901,0.072527,0.057143,0.050549,0.041758,0.032967,0.025275,0.024176,True
0.36612,0.136612,0.131148,0.076503,0.076503,0.04918,0.04918,0.032787,0.032787,0.032787,0.010929,0.005464,True
0.172757,0.159468,0.146179,0.106312,0.094684,0.051495,0.051495,0.049834,0.048173,0.046512,0.036545,0.036545,True
0.5,0.5,0.0,0.0,0.0,0.0,0.0,0.0,0.0,0.0,0.0,0.0,True
0.166078,0.163722,0.154299,0.126031,0.097762,0.077739,0.063604,0.050648,0.029446,0.029446,0.024735,0.01649,True
0.165869,0.162679,0.157895,0.14673,0.102073,0.07496,0.062201,0.030303,0.028708,0.023923,0.023923,0.020734,True
0.169719,0.157509,0.155067,0.125763,0.101343,0.078144,0.063492,0.047619,0.030525,0.028083,0.025641,0.017094,True
0.2,0.195789,0.090526,0.090526,0.082105,0.08,0.058947,0.056842,0.050526,0.037895,0.029474,0.027368,True
0.212051,0.164542,0.118192,0.108922,0.093859,0.069525,0.053302,0.050985,0.044032,0.032445,0.026651,0.025492,True
0.165029,0.155206,0.147348,0.117878,0.096267,0.05501,0.053045,0.051081,0.049116,0.045187,0.039293,0.02554,True
0.194444,0.173611,0.168981,0.12963,0.074074,0.05787,0.053241,0.048611,0.041667,0.020833,0.018519,0.018519,True
0.221831,0.193662,0.183099,0.084507,0.077465,0.073944,0.052817,0.045775,0.035211,0.03169,0.0,0.0,True
0.241135,0.170213,0.118203,0.113475,0.080378,0.07565,0.066194,0.061466,0.033097,0.028369,0.009456,0.002364,True
0.179181,0.172355,0.139932,0.113481,0.095563,0.0657,0.055461,0.048635,0.044369,0.033276,0.027304,0.024744,True
0.29771,0.236641,0.152672,0.129771,0.061069,0.061069,0.045802,0.015267,0.0,0.0,0.0,0.0,True
0.251046,0.1841,0.121339,0.09205,0.075314,0.058577,0.058577,0.058577,0.033473,0.033473,0.033473,0.0,True
0.198675,0.165563,0.122517,0.099338,0.099338,0.072848,0.059603,0.056291,0.039735,0.039735,0.033113,0.013245,True
0.182566,0.175987,0.148026,0.103618,0.097039,0.078947,0.054276,0.054276,0.032895,0.024671,0.024671,0.023026,True
0.271845,0.203883,0.135922,0.087379,0.067961,0.067961,0.067961,0.058252,0.038835,0.0,0.0,0.0,True
0.234957,0.154728,0.117479,0.103152,0.100287,0.091691,0.060172,0.048711,0.040115,0.025788,0.011461,0.011461,True
0.391304,0.26087,0.26087,0.043478,0.043478,0.0,0.0,0.0,0.0,0.0,0.0,0.0,True
0.221719,0.171946,0.156109,0.106335,0.081448,0.074661,0.065611,0.045249,0.038462,0.020362,0.00905,0.00905,True
0.198423,0.170828,0.128778,0.09724,0.093298,0.057819,0.055191,0.052562,0.049934,0.036794,0.030223,0.028909,True
0.163582,0.149254,0.143284,0.132537,0.106269,0.065672,0.053731,0.050149,0.043582,0.037015,0.034627,0.020299,True
0.210526,0.210526,0.178947,0.084211,0.063158,0.042105,0.042105,0.042105,0.042105,0.042105,0.042105,0.0,True
0.167622,0.160458,0.137536,0.114613,0.098854,0.067335,0.053009,0.051576,0.045845,0.040115,0.031519,0.031519,True
0.384615,0.205128,0.205128,0.076923,0.051282,0.051282,0.025641,0.0,0.0,0.0,0.0,0.0,True
0.461538,0.230769,0.153846,0.153846,0.0,0.0,0.0,0.0,0.0,0.0,0.0,0.0,True
0.384615,0.153846,0.115385,0.115385,0.076923,0.076923,0.076923,0.0,0.0,0.0,0.0,0.0,True
0.182648,0.164384,0.123288,0.105023,0.082192,0.077626,0.054795,0.054795,0.045662,0.045662,0.045662,0.018265,True
0.236364,0.145455,0.072727,0.072727,0.072727,0.072727,0.072727,0.072727,0.072727,0.072727,0.036364,0.0,True
0.164912,0.154386,0.119298,0.087719,0.084211,0.080702,0.077193,0.063158,0.05614,0.049123,0.045614,0.017544,True
0.268657,0.179104,0.156716,0.089552,0.08209,0.067164,0.059701,0.029851,0.029851,0.029851,0.007463,0.0,True
0.199662,0.155668,0.14044,0.128596,0.08291,0.077834,0.06599,0.047377,0.045685,0.020305,0.020305,0.015228,True
0.20479,0.162874,0.11497,0.107784,0.097006,0.071856,0.05509,0.052695,0.045509,0.033533,0.027545,0.026347,True
0.207455,0.178282,0.113452,0.102107,0.0859,0.058347,0.051864,0.051864,0.045381,0.038898,0.037277,0.029173,True
0.204082,0.155102,0.14898,0.120408,0.093878,0.091837,0.07551,0.040816,0.034694,0.018367,0.008163,0.008163,True
0.174409,0.169519,0.162999,0.127139,0.0978,0.07335,0.05053,0.03749,0.03586,0.02445,0.02445,0.022005,True
0.184197,0.154893,0.140241,0.125589,0.088959,0.066981,0.054422,0.046049,0.043956,0.0382,0.031397,0.025118,True
0.185121,0.17474,0.16436,0.107266,0.095156,0.069204,0.043253,0.043253,0.041522,0.025952,0.025952,0.024221,True
0.215657,0.194978,0.106352,0.100443,0.097489,0.088626,0.059084,0.053176,0.035451,0.031019,0.014771,0.002954,True
0.235772,0.170732,0.105691,0.094851,0.070461,0.065041,0.065041,0.059621,0.03794,0.03794,0.03794,0.01897,True
0.218286,0.162286,0.121143,0.107429,0.092571,0.068571,0.052571,0.050286,0.043429,0.032,0.026286,0.025143,True
0.233645,0.140187,0.121495,0.121495,0.121495,0.102804,0.098131,0.037383,0.014019,0.009346,0.0,0.0,True
0.172003,0.151915,0.145637,0.131827,0.106717,0.069052,0.056497,0.039548,0.037665,0.036409,0.031387,0.021343,True
0.188333,0.171667,0.168333,0.105,0.095,0.07,0.046667,0.041667,0.04,0.025,0.025,0.023333,True
0.139073,0.13245,0.13245,0.112583,0.092715,0.07947,0.07947,0.072848,0.066225,0.039735,0.02649,0.02649,True
0.181818,0.163636,0.145455,0.145455,0.145455,0.109091,0.109091,0.0,0.0,0.0,0.0,0.0,True
0.221519,0.168776,0.14557,0.113924,0.075949,0.06962,0.065401,0.050633,0.040084,0.018987,0.014768,0.014768,True
0.194672,0.155738,0.131148,0.102459,0.088115,0.059426,0.055328,0.053279,0.04918,0.045082,0.036885,0.028689,True
0.191972,0.184991,0.118674,0.106457,0.075044,0.066318,0.052356,0.052356,0.041885,0.04014,0.038394,0.031414,True
0.185217,0.175871,0.13339,0.11215,0.095157,0.079864,0.04503,0.04418,0.04418,0.033135,0.027188,0.024639,True
0.293413,0.167665,0.11976,0.095808,0.08982,0.083832,0.053892,0.041916,0.023952,0.017964,0.005988,0.005988,True
0.208531,0.151659,0.131122,0.120063,0.085308,0.083728,0.06793,0.044234,0.042654,0.025276,0.025276,0.014218,True
0.181538,0.141538,0.133846,0.123077,0.096923,0.075385,0.06,0.049231,0.043077,0.041538,0.033846,0.02,True
0.205882,0.194118,0.141176,0.105882,0.094118,0.082353,0.058824,0.047059,0.023529,0.023529,0.023529,0.0,True
0.196899,0.190698,0.108527,0.091473,0.088372,0.088372,0.054264,0.049612,0.043411,0.037209,0.027907,0.023256,True
0.174576,0.169492,0.145763,0.110169,0.10678,0.079661,0.057627,0.055932,0.027119,0.025424,0.023729,0.023729,True
0.185281,0.174892,0.138528,0.115152,0.09697,0.061472,0.051082,0.045022,0.045022,0.033766,0.027706,0.025108,True
0.216387,0.159664,0.138655,0.092437,0.090336,0.081933,0.081933,0.056723,0.029412,0.021008,0.016807,0.014706,True
0.20284,0.180527,0.110548,0.099391,0.097363,0.091278,0.052738,0.046653,0.03854,0.034483,0.023327,0.022312,True
0.389972,0.155989,0.144847,0.077994,0.052925,0.050139,0.033426,0.033426,0.033426,0.011142,0.011142,0.005571,True
0.280702,0.134503,0.122807,0.087719,0.087719,0.081871,0.076023,0.046784,0.040936,0.035088,0.005848,0.0,True
0.182906,0.17265,0.147009,0.107692,0.100855,0.082051,0.05641,0.05641,0.02735,0.025641,0.023932,0.017094,True
0.225191,0.187023,0.183206,0.091603,0.080153,0.068702,0.057252,0.049618,0.034351,0.022901,0.0,0.0,True
0.267797,0.213559,0.118644,0.091525,0.061017,0.057627,0.054237,0.033898,0.033898,0.023729,0.023729,0.020339,True
0.21118,0.177019,0.13354,0.099379,0.096273,0.080745,0.052795,0.052795,0.043478,0.02795,0.012422,0.012422,True
0.259146,0.20122,0.091463,0.082317,0.07622,0.073171,0.057927,0.057927,0.042683,0.030488,0.02439,0.003049,True
0.13369,0.128342,0.128342,0.112299,0.106952,0.096257,0.085561,0.080214,0.053476,0.032086,0.02139,0.02139,True
0.18398,0.156446,0.137672,0.115144,0.105131,0.068836,0.05632,0.045056,0.041302,0.04005,0.027534,0.022528,True
0.196429,0.154018,0.136161,0.129464,0.111607,0.075893,0.050223,0.044643,0.033482,0.03125,0.023438,0.013393,True
0.242915,0.178138,0.117409,0.089069,0.089069,0.072874,0.05668,0.05668,0.032389,0.032389,0.032389,0.0,True
0.287879,0.181818,0.151515,0.106061,0.090909,0.075758,0.060606,0.045455,0.0,0.0,0.0,0.0,True
0.18089,0.163384,0.151714,0.147338,0.099198,0.071481,0.05981,0.030635,0.027717,0.026258,0.021882,0.019694,True
0.198294,0.165245,0.121535,0.119403,0.095949,0.070362,0.055437,0.049041,0.040512,0.036247,0.02452,0.023454,True
0.185965,0.161404,0.145614,0.119298,0.092982,0.057895,0.05614,0.054386,0.047368,0.02807,0.02807,0.022807,True
0.172333,0.162954,0.151231,0.12544,0.097304,0.079719,0.067995,0.045721,0.029308,0.026964,0.024619,0.016413,True
0.20726,0.154567,0.117096,0.100703,0.100703,0.077283,0.06089,0.051522,0.044496,0.032787,0.026932,0.025761,True
0.185321,0.177982,0.146789,0.115596,0.100917,0.073394,0.045872,0.044037,0.031193,0.027523,0.025688,0.025688,True
0.184713,0.143312,0.11465,0.101911,0.092357,0.076433,0.070064,0.066879,0.057325,0.041401,0.031847,0.019108,True
0.17562,0.167355,0.14876,0.097107,0.092975,0.055785,0.053719,0.051653,0.049587,0.043388,0.03719,0.02686,True
0.211268,0.171575,0.120359,0.099872,0.090909,0.058899,0.056338,0.051216,0.040973,0.040973,0.029449,0.028169,True
0.160757,0.156028,0.1513,0.104019,0.101655,0.056738,0.054374,0.052009,0.047281,0.042553,0.042553,0.030733,True
0.243968,0.182306,0.120643,0.091153,0.088472,0.08311,0.067024,0.0563,0.02681,0.021448,0.016086,0.002681,True
0.170292,0.146675,0.144189,0.130516,0.100684,0.068365,0.055935,0.052206,0.040398,0.03729,0.036047,0.017402,True
0.19633,0.181651,0.106422,0.093578,0.089908,0.082569,0.051376,0.049541,0.045872,0.044037,0.033028,0.025688,True
0.197411,0.184466,0.113269,0.087379,0.07767,0.074434,0.058252,0.058252,0.045307,0.045307,0.035599,0.022654,True
0.279835,0.123457,0.123457,0.106996,0.106996,0.106996,0.074074,0.049383,0.016461,0.00823,0.004115,0.0,True
0.229268,0.190244,0.126829,0.121951,0.107317,0.097561,0.068293,0.029268,0.019512,0.009756,0.0,0.0,True
0.191228,0.17193,0.164912,0.108772,0.094737,0.064912,0.04386,0.042105,0.040351,0.026316,0.026316,0.024561,True
0.621622,0.162162,0.108108,0.108108,0.0,0.0,0.0,0.0,0.0,0.0,0.0,0.0,True
0.23913,0.165761,0.127717,0.097826,0.095109,0.086957,0.057065,0.046196,0.038043,0.024457,0.01087,0.01087,True
0.297521,0.161157,0.140496,0.123967,0.076446,0.041322,0.03719,0.033058,0.033058,0.02686,0.024793,0.004132,True
0.192308,0.178571,0.175824,0.107143,0.076923,0.074176,0.063187,0.046703,0.038462,0.024725,0.010989,0.010989,True
0.357143,0.142857,0.107143,0.107143,0.107143,0.089286,0.089286,0.0,0.0,0.0,0.0,0.0,True
0.215517,0.157328,0.146552,0.127155,0.090517,0.088362,0.071121,0.036638,0.030172,0.019397,0.008621,0.008621,True
0.297959,0.130612,0.114286,0.110204,0.085714,0.081633,0.057143,0.04898,0.036735,0.02449,0.008163,0.004082,True
0.188552,0.158249,0.107744,0.084175,0.080808,0.080808,0.074074,0.060606,0.053872,0.047138,0.040404,0.023569,True
0.236908,0.179551,0.112219,0.094763,0.092269,0.077307,0.072319,0.062344,0.024938,0.024938,0.01995,0.002494,True
0.277311,0.235294,0.117647,0.109244,0.092437,0.058824,0.05042,0.042017,0.016807,0.0,0.0,0.0,True
0.182659,0.171098,0.14104,0.12948,0.094798,0.080925,0.046243,0.041618,0.033526,0.030058,0.027746,0.020809,True
0.19888,0.144258,0.140056,0.117647,0.088235,0.068627,0.060224,0.05042,0.043417,0.039216,0.030812,0.018207,True
0.184719,0.174643,0.134341,0.111671,0.094039,0.081444,0.047859,0.043661,0.043661,0.032746,0.026868,0.024349,True
0.219616,0.15565,0.104478,0.098081,0.095949,0.059701,0.057569,0.053305,0.051173,0.03838,0.036247,0.029851,True
0.29697,0.157576,0.145455,0.121212,0.084848,0.084848,0.072727,0.036364,0.0,0.0,0.0,0.0,True
0.239382,0.15444,0.140927,0.1139,0.090734,0.081081,0.07529,0.03861,0.032819,0.017375,0.007722,0.007722,True
0.181951,0.164483,0.139738,0.104803,0.09607,0.053857,0.053857,0.052402,0.048035,0.040757,0.032023,0.032023,True
0.328502,0.173913,0.125604,0.077295,0.057971,0.057971,0.057971,0.048309,0.028986,0.019324,0.019324,0.004831,True
0.180428,0.174312,0.134557,0.099388,0.097859,0.06422,0.04893,0.045872,0.042813,0.042813,0.035168,0.033639,True
0.18018,0.168919,0.15991,0.108108,0.092342,0.056306,0.054054,0.04955,0.047297,0.029279,0.027027,0.027027,True
0.259615,0.176282,0.112179,0.102564,0.092949,0.083333,0.051282,0.044872,0.028846,0.022436,0.019231,0.00641,True
