offset,c,c#,d,d#,e,f,f#,g,g#,a,a#,b,total
1.0,0.0,0.0,0.0,2.0,0.0,0.0,0.0,0.0,4.0,0.0,0.0,2.0,8.0
3.0,0.0,0.0,0.0,2.0,0.0,0.0,0.0,0.0,4.0,0.0,0.0,2.0,8.0
5.0,0.0,0.0,0.0,1.0,0.0,0.0,0.0,0.0,2.0,0.0,0.0,1.0,4.0
6.0,0.0,1.75,0.0,1.75,0.0,0.0,0.0,1.75,0.0,0.0,1.75,0.0,7.0
7.75,0.0,0.25,0.0,0.25,0.0,0.0,0.0,0.0,0.0,0.0,0.25,0.0,0.75
8.0,0.0,0.0,0.0,1.0,0.0,0.0,0.0,0.0,2.0,0.0,0.0,1.0,4.0
9.0,0.0,1.0,0.0,1.0,0.0,0.0,0.0,1.0,0.0,0.0,1.0,0.0,4.0
10.0,0.0,0.0,0.0,1.0,0.0,0.0,0.0,0.0,1.0,0.0,0.0,2.0,4.0
11.0,0.0,0.0,0.0,0.0,2.0,0.0,0.0,0.0,2.0,0.0,0.0,1.0,5.0
12.0,0.0,1.5,0.0,0.0,0.75,0.0,0.0,0.0,0.0,0.0,0.0,0.75,3.0
12.75,0.0,0.5,0.0,0.0,0.25,0.0,0.0,0.0,0.0,0.0,0.25,0.0,1.0
13.0,0.0,0.0,0.0,2.0,0.0,0.0,0.0,0.0,1.0,0.0,0.0,1.0,4.0
14.0,0.0,1.0,0.0,2.0,0.0,0.0,0.0,1.0,0.0,0.0,1.0,0.0,5.0
15.0,0.0,0.0,0.0,1.0,0.0,0.0,0.0,0.0,2.0,0.0,0.0,1.0,4.0
16.0,0.0,0.0,0.0,1.0,0.0,0.0,0.0,0.0,1.0,0.0,0.0,1.0,3.0
17.0,0.0,0.0,0.0,1.0,0.0,0.0,0.0,0.0,2.0,0.0,0.0,1.0,4.0
18.0,0.0,1.75,0.0,1.75,0.0,0.0,0.0,1.75,0.0,0.0,1.75,0.0,7.0
19.75,0.0,0.25,0.0,0.5,0.0,0.0,0.0,0.0,0.0,0.0,0.25,0.0,1.0
20.0,0.0,0.0,0.0,1.0,0.0,0.0,0.0,0.0,2.0,0.0,0.0,1.0,4.0
21.0,0.0,1.0,0.0,1.0,0.0,0.0,0.0,1.0,0.0,0.0,1.0,0.0,4.0
22.0,0.0,0.0,0.0,1.0,0.0,0.0,0.0,0.0,1.0,0.0,0.0,2.0,4.0
23.0,0.0,0.0,0.0,0.0,1.0,0.0,0.0,0.0,1.0,0.0,0.0,2.0,4.0
24.0,0.0,0.75,0.0,0.0,1.5,0.0,0.0,0.0,0.0,0.0,0.0,0.75,3.0
24.75,0.0,0.25,0.0,0.0,0.5,0.0,0.0,0.0,0.0,0.25,0.0,0.0,1.0
25.0,0.0,0.0,0.0,1.0,0.0,0.0,0.0,0.0,2.0,0.0,0.0,1.0,4.0
26.0,0.0,1.0,0.0,1.0,0.0,0.0,0.0,1.0,0.0,0.0,1.0,0.0,4.0
27.0,0.0,0.0,0.0,1.0,0.0,0.0,0.0,0.0,2.0,0.0,0.0,1.0,4.0
28.0,0.0,0.0,0.0,0.0,0.0,0.0,0.0,0.0,3.0,0.0,0.0,1.0,4.0
29.0,0.0,1.0,0.0,0.0,0.0,0.0,2.0,0.0,0.0,0.0,1.0,0.0,4.0
30.0,0.0,0.0,0.0,0.0,0.75,0.0,0.0,0.0,0.0,0.0,0.75,0.0,1.5
30.75,0.0,0.0,0.0,0.25,0.0,0.0,0.0,0.0,0.0,0.0,0.25,0.0,0.5
31.0,0.0,1.0,0.0,0.0,0.0,0.0,0.0,0.0,0.0,0.0,1.0,0.0,2.0
32.0,0.0,0.0,0.0,0.0,1.0,0.0,0.0,0.0,0.0,0.0,0.0,1.0,2.0
33.0,0.0,0.0,0.0,0.75,0.0,0.0,0.0,0.0,0.0,0.0,0.0,0.75,1.5
33.75,0.0,0.25,0.0,0.0,0.0,0.0,0.0,0.0,0.0,0.0,0.0,0.25,0.5
34.0,0.0,0.0,0.0,0.0,0.0,0.0,0.0,0.0,0.0,0.0,0.0,2.0,2.0
35.0,0.0,0.0,0.0,1.0,0.0,0.0,0.0,1.0,0.0,0.0,0.0,0.0,2.0
36.0,0.0,0.75,0.0,0.0,0.0,0.0,0.0,0.75,0.0,0.0,0.0,0.0,1.5
36.75,0.0,0.0,0.0,0.0,0.0,0.0,0.0,0.25,0.0,0.0,0.0,0.25,0.5
37.0,0.0,0.0,0.0,0.0,0.0,0.0,0.0,1.0,0.0,0.0,1.0,0.0,2.0
38.0,0.0,1.0,0.0,1.0,0.0,0.0,0.0,0.0,1.0,0.0,0.0,0.0,3.0
39.0,0.0,0.0,0.0,0.75,0.0,0.0,0.0,0.0,0.75,0.0,0.0,0.75,2.25
39.75,0.0,0.25,0.0,0.0,0.0,0.0,0.0,0.0,0.25,0.0,0.25,0.0,0.75
40.0,0.0,0.0,0.0,0.0,0.0,0.0,0.0,0.0,1.5,0.0,0.0,1.5,3.0
40.75,0.0,0.0,0.0,0.0,0.0,0.0,0.0,0.0,0.5,0.0,0.25,0.25,1.0
41.0,0.0,0.0,0.0,1.0,0.0,0.0,0.0,0.0,2.0,0.0,0.0,1.0,4.0
42.0,0.0,1.0,0.0,1.0,0.0,0.0,0.0,1.0,0.0,0.0,1.0,0.0,4.0
43.0,0.0,0.75,0.0,0.75,0.0,0.0,0.0,0.75,0.0,0.0,0.75,0.0,3.0
43.75,0.0,0.25,0.0,0.25,0.0,0.0,0.0,0.0,0.0,0.0,0.25,0.0,0.75
44.0,0.0,0.0,0.0,1.0,0.0,0.0,0.0,0.0,2.0,0.0,0.0,1.0,4.0
45.0,0.0,1.0,0.0,1.0,0.0,0.0,0.0,1.0,0.0,0.0,1.0,0.0,4.0
46.0,0.0,0.0,0.0,1.0,0.0,0.0,0.0,0.0,1.0,0.0,0.0,2.0,4.0
47.0,0.0,0.0,0.0,0.0,1.0,0.0,0.0,0.0,1.0,0.0,0.0,2.0,4.0
48.0,0.0,0.75,0.0,0.0,0.75,0.0,0.0,0.0,0.0,0.75,0.0,0.75,3.0
48.75,0.0,0.25,0.0,0.0,0.25,0.0,0.0,0.0,0.0,0.5,0.0,0.0,1.0
49.0,0.0,0.0,0.0,1.0,0.0,0.0,0.0,0.0,2.0,0.0,0.0,1.0,4.0
50.0,0.0,1.0,0.0,1.0,0.0,0.0,0.0,1.0,0.0,0.0,1.0,0.0,4.0
51.0,0.0,0.0,0.0,1.0,0.0,0.0,0.0,0.0,2.0,0.0,0.0,1.0,4.0
52.0,0.0,0.0,0.0,0.0,0.0,0.0,0.0,0.0,3.0,0.0,0.0,1.0,4.0
53.0,0.0,2.0,0.0,0.0,0.0,0.0,1.0,0.0,0.0,0.0,1.0,0.0,4.0
54.0,0.0,1.5,0.0,0.0,0.75,0.0,0.0,0.0,0.0,0.0,0.75,0.0,3.0
54.75,0.0,0.5,0.0,0.25,0.0,0.0,0.0,0.0,0.0,0.0,0.25,0.0,1.0
55.0,0.0,2.0,0.0,0.0,0.0,0.0,1.0,0.0,0.0,0.0,1.0,0.0,4.0
56.0,0.0,0.0,0.0,0.0,1.0,0.0,0.0,0.0,0.0,0.0,0.0,1.0,2.0
57.0,0.0,0.0,0.0,0.75,0.0,0.0,0.0,0.0,0.0,0.0,0.0,0.75,1.5
57.75,0.0,0.25,0.0,0.0,0.0,0.0,0.0,0.0,0.0,0.0,0.0,0.25,0.5
58.0,0.0,0.0,0.0,0.0,0.0,0.0,0.0,0.0,0.0,0.0,0.0,1.0,1.0
59.0,0.0,0.0,0.0,1.0,0.0,0.0,0.0,1.0,0.0,0.0,1.0,0.0,3.0
60.0,0.0,0.75,0.0,0.0,0.0,0.0,0.0,0.75,0.0,0.0,0.75,0.0,2.25
60.75,0.0,0.0,0.0,0.0,0.0,0.0,0.0,0.25,0.0,0.0,0.25,0.25,0.75
61.0,0.0,0.0,0.0,0.0,0.0,0.0,0.0,1.0,0.0,0.0,2.0,0.0,3.0
62.0,0.0,1.0,0.0,1.0,0.0,0.0,0.0,0.0,1.0,0.0,0.0,0.0,3.0
63.0,0.0,0.0,0.0,0.75,0.0,0.0,0.0,0.0,0.75,0.0,0.0,0.75,2.25
63.75,0.0,0.25,0.0,0.0,0.0,0.0,0.0,0.0,0.25,0.0,0.25,0.0,0.75
64.0,0.0,0.0,0.0,0.75,0.0,0.0,0.0,0.0,1.5,0.0,0.0,0.75,3.0
64.75,0.0,0.25,0.0,0.0,0.0,0.0,0.0,0.0,0.5,0.0,0.25,0.0,1.0
65.0,0.0,0.0,0.0,0.0,0.0,0.0,0.0,0.0,1.5,0.0,0.0,0.5,2.0
65.5,0.0,0.0,0.0,0.5,0.0,0.0,0.0,0.0,1.0,0.0,0.0,0.5,2.0
66.0,0.0,1.75,0.0,1.75,0.0,0.0,0.0,1.75,0.0,0.0,1.75,0.0,7.0
67.75,0.0,0.25,0.0,0.25,0.0,0.0,0.0,0.0,0.0,0.0,0.25,0.0,0.75
68.0,0.0,0.0,0.0,1.0,0.0,0.0,0.0,0.0,2.0,0.0,0.0,1.0,4.0
69.0,0.0,1.0,0.0,0.0,1.0,0.0,1.0,0.0,0.0,0.0,1.0,0.0,4.0
70.0,0.0,0.0,0.0,1.0,0.0,0.0,0.0,0.0,0.0,0.0,0.0,3.0,4.0
71.0,0.0,0.0,0.0,0.0,2.0,0.0,0.0,0.0,1.0,0.0,0.0,1.0,4.0
72.0,0.0,0.5,0.0,0.0,0.5,0.0,0.0,0.0,0.0,0.5,0.0,0.5,2.0
72.5,0.0,0.25,0.0,0.0,0.25,0.0,0.0,0.0,0.0,0.25,0.0,0.25,1.0
72.75,0.0,0.25,0.0,0.0,0.25,0.0,0.0,0.0,0.0,0.5,0.0,0.0,1.0
73.0,0.0,0.0,0.0,1.0,0.0,0.0,0.0,0.0,2.0,0.0,0.0,1.0,4.0
74.0,0.0,1.0,0.0,1.0,0.0,0.0,0.0,1.0,0.0,0.0,1.0,0.0,4.0
75.0,0.75,0.0,0.0,0.0,0.0,0.0,0.75,0.0,0.75,0.75,0.0,0.0,3.0
75.75,0.25,0.0,0.0,0.0,0.25,0.0,0.0,0.0,0.5,0.0,0.0,0.0,1.0
76.0,1.0,0.0,0.0,1.0,0.0,0.0,1.0,0.0,1.0,0.0,0.0,0.0,4.0
77.0,0.0,1.0,0.0,0.0,1.0,0.0,0.0,0.0,2.0,0.0,0.0,0.0,4.0
78.0,0.75,0.0,0.0,0.75,0.0,0.0,0.75,0.0,0.75,0.0,0.0,0.0,3.0
78.75,0.0,0.25,0.0,0.0,0.25,0.0,0.0,0.0,0.25,0.0,0.25,0.0,1.0
79.0,0.5,0.0,0.0,0.5,0.0,0.0,0.0,0.0,1.0,0.0,0.0,0.0,2.0
79.5,0.5,0.0,0.0,0.5,0.0,0.0,0.5,0.0,0.5,0.0,0.0,0.0,2.0
80.0,0.0,0.5,0.0,0.0,0.5,0.0,0.0,0.0,0.0,0.5,0.0,0.0,1.5
80.5,0.0,1.0,0.0,0.0,0.5,0.0,0.5,0.0,0.0,0.5,0.0,0.0,2.5
81.0,0.0,1.0,0.0,0.0,0.5,0.0,0.0,0.5,0.0,0.5,0.0,0.0,2.5
81.5,0.0,1.0,0.0,0.0,0.5,0.0,0.0,0.0,1.0,0.0,0.0,0.0,2.5
82.0,0.0,0.75,0.0,0.0,0.25,0.0,0.0,0.0,0.25,0.0,0.0,0.0,1.25
82.25,0.0,0.75,0.0,0.0,0.25,0.0,0.0,0.0,0.25,0.0,0.0,0.0,1.25
82.5,0.0,0.75,0.0,0.0,0.25,0.0,0.0,0.0,0.25,0.0,0.0,0.0,1.25
82.75,0.0,0.5,0.0,0.0,0.5,0.0,0.0,0.0,0.25,0.0,0.0,0.0,1.25
83.0,0.25,0.0,0.0,0.25,0.0,0.0,0.25,0.0,0.25,0.0,0.0,0.0,1.0
83.25,0.25,0.0,0.0,0.25,0.0,0.0,0.0,0.0,0.25,0.0,0.0,0.0,0.75
83.5,0.0,0.0,0.0,0.375,0.0,0.0,0.0,0.0,0.0,0.0,0.0,0.0,0.375
83.875,0.0,0.125,0.0,0.0,0.0,0.0,0.0,0.0,0.0,0.0,0.0,0.0,0.125
